0.033333	0.868819	-0.0360153601536	0.00204851319226	0	0	0
0.066666	0.8676185	-0.0360153601536	0.00688395712288	0	0	0
0.099999	0.866418	-0.0358438584386	0.0169359637176	0	0	0
0.133332	0.8652175	-0.0353007696744	0.037778394453	0	0	0
0.166665	0.864017	-0.0334428344283	0.0675771154244	0	0	0
0.199998	0.862988	-0.0308703087031	0.10287823811	0	0	0
0.233331	0.861959	-0.0277261105944	0.162928258549	0	0	0
0.266664	0.86093	-0.0191510248436	0.196633446538	0	0	0
0.299997	0.8607585	-0.0122909562429	0.168287740738	0	0	0
0.33333	0.860244	-0.00871800384671	0.15530588388	0	0	0
0.366663	0.8600725	-0.00285836191695	0.166024848258	0	0	0
0.399996	0.8600725	0.00257252572526	0.177101111449	0	0	0
0.433329	0.860244	0.00857508575086	0.195918848913	0	0	0
0.466662	0.860587	0.0158639086391	0.201635629915	0	0	0
0.499995	0.861273	0.0235814858149	0.164119254591	0	0	0
0.533328	0.862302	0.0274402744027	0.107785141803	0	0	0
0.566661	0.8631595	0.0294411277446	0.0820596272954	0	0	0
0.599994	0.8641885	0.0327282439491	0.061812694581	0	0	0
0.633327	0.865389	0.0345861791951	0.0170312434009	0	0	0
0.66666	0.8665895	0.03372867062	-0.0278693073834	0	0	0
0.699993	0.8676185	0.0325853258533	-0.0701496668752	0	0	0
0.733326	0.868819	0.0294411277446	-0.11647941291	0	0	0
0.766659	0.8696765	0.0238673220066	-0.134939851561	0	0	0
0.799992	0.8703625	0.0192939429394	-0.125530982829	0	0	0
0.833325	0.870877	0.0165784991183	-0.14482511871	0	0	0
0.866658	0.871563	0.0111476114761	-0.202707526352	0	0	0
0.899991	0.8717345	0.00242960762941	-0.242010395739	0	0	0
0.933324	0.8717345	-0.00671715050484	-0.231172331757	0	0	0
0.966657	0.87122	-0.0140059733931	-0.18817737464	0	0	0
0.99999	0.8707055	-0.0185793524602	-0.158878872006	0	0	0
1.033323	0.8700195	-0.0237244039107	-0.150541899712	0	0	0
1.066656	0.869162	-0.0294411277446	-0.122315293516	0	0	0
1.099989	0.8679615	-0.0325853258533	-0.0751518502517	0	0	0
1.133322	0.8669325	-0.0338715887159	-0.0385882717616	0	0	0
1.166655	0.865732	-0.0351578515785	-0.00190559366724	0	0	0
1.199988	0.8645315	-0.0345861791951	0.0459724472221	0	0	0
1.233321	0.863331	-0.0314419810865	0.0777720415442	0	0	0
1.266654	0.8624735	-0.0287265372654	0.0949223845493	0	0	0
1.299987	0.8614445	-0.026296929636	0.143276823855	0	0	0
1.33332	0.860587	-0.0198656153228	0.208067008542	0	0	0
1.366653	0.8600725	-0.0117192838595	0.248203575158	0	0	0
1.399986	0.8597295	-0.00157209905432	0.234983519091	0	0	0
1.433319	0.8600725	0.00557380573806	0.175671916199	0	0	0
1.466652	0.860244	0.00886092194255	0.14851720644	0	0	0
1.499985	0.860587	0.0138630552972	0.162809158945	0	0	0
1.533318	0.8611015	0.0202943696104	0.164357453799	0	0	0
1.566651	0.861959	0.026296929636	0.127793875309	0	0	0
1.599984	0.862988	0.0287265372654	0.0878955079014	0	0	0
1.633317	0.8638455	0.0312990629906	0.0659811807281	0	0	0
1.66665	0.865046	0.0340145068117	0.0231053232153	0	0	0
1.699983	0.8662465	0.0331569982366	-0.0272738093624	0	0	0
1.733316	0.8672755	0.0312990629906	-0.0564532123919	0	0	0
1.766649	0.8683045	0.0295840458405	-0.087657308693	0	0	0
1.799982	0.8693335	0.0255823391567	-0.119695102223	0	0	0
1.833315	0.8700195	0.0210089600896	-0.136845445229	0	0	0
1.866648	0.8707055	0.0167214172142	-0.15673507913	0	0	0
1.899981	0.87122	0.0104330209969	-0.171146131239	0	0	0
1.933314	0.8713915	0.00428754287543	-0.163166457757	0	0	0
1.966647	0.8713915	0.000571672383391	-0.180674099575	0	0	0
1.99998	0.871563	-0.00657423240899	-0.224264554713	0	0	0
2.033313	0.8710485	-0.0161497448308	-0.219500570545	0	0	0
2.066646	0.8703625	-0.0225810591439	-0.173647222927	0	0	0
2.099979	0.869505	-0.0275831924986	-0.124578185996	0	0	0
2.133312	0.868476	-0.0305844725114	-0.0836079221501	0	0	0
2.166645	0.867447	-0.032871162045	-0.0527611246617	0	0	0
2.199978	0.8662465	-0.0338715887159	-0.0260828133203	0	0	0
2.233311	0.8652175	-0.0350149334827	0.0119099604202	0	0	0
2.266644	0.8638455	-0.0340145068117	0.0725316589593	0	0	0
2.299977	0.8628165	-0.0292982096488	0.110881731512	0	0	0
2.33331	0.861959	-0.0257252572526	0.125769182038	0	0	0
2.366643	0.8611015	-0.0217235505688	0.156615979526	0	0	0
2.399976	0.8604155	-0.0152922362557	0.185080784931	0	0	0
2.433309	0.8600725	-0.00843216765501	0.19044026712	0	0	0
2.466642	0.859901	-0.00257252572526	0.19639524733	0	0	0
2.499975	0.859901	0.00371587049204	0.223192658275	0	0	0
2.533308	0.8600725	0.0120051200512	0.248679973575	0	0	0
2.566641	0.860587	0.0227239772398	0.205565916853	0	0	0
2.599974	0.8617875	0.0278690286903	0.105879548136	0	0	0
2.633307	0.862645	0.0275831924986	0.0605025989348	0	0	0
2.66664	0.8635025	0.0297269639363	0.071221563313	0	0	0
2.699973	0.8645315	0.0338715887159	0.0479971404936	0	0	0
2.733306	0.8659035	0.0344432610993	-0.0145301517127	0	0	0
2.766639	0.8669325	0.031870735374	-0.0568105112045	0	0	0
2.799972	0.8679615	0.0301557182238	-0.0855135158173	0	0	0
2.833305	0.8689905	0.0268686020194	-0.125411883225	0	0	0
2.866638	0.869848	0.0211518781854	-0.146373413565	0	0	0
2.899971	0.8703625	0.0161497448308	-0.143515023064	0	0	0
2.933304	0.870877	0.012148038147	-0.154829485463	0	0	0
2.966637	0.87122	0.00671715050484	-0.187462777015	0	0	0
2.99997	0.8713915	-0.00057167238339	-0.210925399042	0	0	0
3.033303	0.87122	-0.00886092194255	-0.189725669494	0	0	0
3.066636	0.8707055	-0.0142918095848	-0.137679142458	0	0	0
3.099969	0.870191	-0.0174360076934	-0.103497556052	0	0	0
3.133302	0.869505	-0.0195797791311	-0.113025524388	0	0	0
3.166635	0.8689905	-0.0242960762941	-0.139822935334	0	0	0
3.199968	0.8679615	-0.0308703087031	-0.114573819243	0	0	0
3.233301	0.866761	-0.0330140801408	-0.0549049175373	0	0	0
3.266634	0.865732	-0.03372867062	-0.00845607189837	0	0	0
3.299967	0.8645315	-0.0340145068117	0.0472825428684	0	0	0
3.3333	0.863331	-0.0305844725114	0.0984953726754	0	0	0
3.366633	0.8624735	-0.026296929636	0.11874230539	0	0	0
3.399966	0.861616	-0.0225810591439	0.134463453145	0	0	0
3.433299	0.86093	-0.0177218438851	0.158283373985	0	0	0
3.466632	0.8604155	-0.012148038147	0.184604386514	0	0	0
3.499965	0.8600725	-0.00514505145052	0.202707526352	0	0	0
3.533298	0.8600725	0.00200085334187	0.202469327144	0	0	0
3.566631	0.860244	0.00828924955916	0.199849135852	0	0	0
3.599964	0.860587	0.0152922362557	0.195323350892	0	0	0
3.633297	0.861273	0.0220093867605	0.171027031635	0	0	0
3.66663	0.8621305	0.0265827658277	0.144110521085	0	0	0
3.699963	0.862988	0.0320136534699	0.102902058031	0	0	0
3.733296	0.86436	0.0344432610993	0.0357298812607	0	0	0
3.766629	0.865389	0.03372867062	-0.0145301517127	0	0	0
3.799962	0.8665895	0.032871162045	-0.0481162400978	0	0	0
3.833295	0.8676185	0.0305844725114	-0.0793203363988	0	0	0
3.866628	0.8686475	0.0275831924986	-0.107427842991	0	0	0
3.899961	0.869505	0.0231527315273	-0.127555676101	0	0	0
3.933294	0.870191	0.0185793524602	-0.136130847603	0	0	0
3.966627	0.8707055	0.0145776457765	-0.157926075172	0	0	0
3.99996	0.87122	0.00886092194255	-0.197705342976	0	0	0
4.033293	0.8713915	0.00057167238339	-0.212592793501	0	0	0
4.066626	0.87122	-0.00671715050484	-0.187820075827	0	0	0
4.099959	0.870877	-0.012148038147	-0.15530588388	0	0	0
4.133292	0.8703625	-0.0161497448308	-0.144944218314	0	0	0
4.166625	0.869848	-0.0212947962813	-0.143991421481	0	0	0
4.199958	0.8689905	-0.0270115201152	-0.108737938637	0	0	0
4.233291	0.8679615	-0.0301557182238	-0.0360871800733	0	0	0
4.266624	0.866761	-0.0277261105944	-0.00643137862692	0	0	0
4.299957	0.8662465	-0.028154864882	-0.0378736741364	0	0	0
4.33329	0.865046	-0.0324424077574	-0.0164357453799	0	0	0
4.366623	0.8638455	-0.0307273906072	0.0451387499927	0	0	0
4.399956	0.862988	-0.0282977829778	0.0844416193795	0	0	0
4.433289	0.861959	-0.0250106667733	0.120766998661	0	0	0
4.466622	0.861273	-0.0202943696104	0.154472186651	0	0	0
4.499955	0.860587	-0.0147205638723	0.186986378598	0	0	0
4.533288	0.860244	-0.00757465907992	0.209019805375	0	0	0
4.566621	0.8600725	-0.000142918095848	0.209734403	0	0	0
4.599954	0.860244	0.00700298669653	0.191035765141	0	0	0
4.633287	0.860587	0.0127197105304	0.165667549446	0	0	0
4.66662	0.8611015	0.017864761981	0.143991421481	0	0	0
4.699953	0.8617875	0.0224381410481	0.121481596286	0	0	0
4.733286	0.862645	0.0257252572526	0.107189643782	0	0	0
4.766619	0.8635025	0.0290123734571	0.10456945249	0	0	0
4.799952	0.8645315	0.0331569982366	0.0844416193795	0	0	0
4.833285	0.865732	0.0363011963453	0.0171503430051	0	0	0
4.866618	0.867104	0.0348720153868	-0.0674103759786	0	0	0
4.899951	0.868133	0.0307273906072	-0.122672592328	0	0	0
4.933284	0.869162	0.0257252572526	-0.146492513169	0	0	0
4.966617	0.869848	0.0205802058021	-0.153995788234	0	0	0
4.99995	0.870534	0.0154351543515	-0.159236170819	0	0	0
5.033283	0.870877	0.0101471848052	-0.169716935988	0	0	0
5.066616	0.87122	0.00443046097128	-0.187105478202	0	0	0
5.099949	0.87122	-0.00257252572526	-0.195323350892	0	0	0
5.133282	0.8710485	-0.00943259432594	-0.180435900367	0	0	0
5.166615	0.870534	-0.0148634819682	-0.157211477547	0	0	0
5.199948	0.8700195	-0.0191510248436	-0.150065501295	0	0	0
5.233281	0.8693335	-0.0250106667733	-0.137798242062	0	0	0
5.266614	0.8683045	-0.0294411277446	-0.0963515797997	0	0	0
5.299947	0.8672755	-0.0312990629906	-0.0515701286196	0	0	0
5.33328	0.8662465	-0.032871162045	-0.00321568931348	0	0	0
5.366613	0.865046	-0.0327282439491	0.0684822724164	0	0	0
5.399946	0.8638455	-0.0270115201152	0.100758265155	0	0	0
5.433279	0.863331	-0.0232956496232	0.0627654914147	0	0	0
5.466612	0.8624735	-0.0240102401024	0.0540712203079	0	0	0
5.499945	0.861616	-0.0218664686647	0.103854854864	0	0	0
5.533278	0.86093	-0.0171501715017	0.161022664882	0	0	0
5.566611	0.8604155	-0.010290102901	0.196037948517	0	0	0
5.599944	0.860244	-0.00314419810865	0.201040131894	0	0	0
5.633277	0.860244	0.00314419810865	0.198181741393	0	0	0
5.66661	0.8604155	0.0101471848052	0.18817737464	0	0	0
5.699943	0.86093	0.0165784991183	0.155067684672	0	0	0
5.733276	0.861616	0.0204372877062	0.123506289558	0	0	0
5.766609	0.862302	0.0238673220066	0.113978321222	0	0	0
5.799942	0.8631595	0.028154864882	0.0989717710922	0	0	0
5.833275	0.8641885	0.0317278172782	0.0519274274322	0	0	0
5.866608	0.865389	0.0320136534699	-0.00226289247986	0	0	0
5.899941	0.866418	0.0298698820322	-0.0138155540875	0	0	0
5.933274	0.8672755	0.030012800128	-0.00369208773027	0	0	0
5.966607	0.8683045	0.0322994896616	-0.0633609894357	0	0	0
5.99994	0.8696765	0.0278690286903	-0.174600019761	0	0	0
6.033273	0.8703625	0.017864761981	-0.214141088356	0	0	0
6.066606	0.8707055	0.011290529572	-0.188415573848	0	0	0
6.099939	0.8710485	0.00643131431314	-0.180912298783	0	0	0
6.133272	0.87122	-0.000142918095848	-0.186629079785	0	0	0
6.166605	0.8710485	-0.00686006860069	-0.173528123323	0	0	0
6.199938	0.8707055	-0.012148038147	-0.149946401691	0	0	0
6.233271	0.870191	-0.0161497448308	-0.142443126626	0	0	0
6.266604	0.8696765	-0.0211518781854	-0.145420616731	0	0	0
6.299937	0.868819	-0.0268686020194	-0.121481596286	0	0	0
6.33327	0.86779	-0.030012800128	-0.0757473482727	0	0	0
6.366603	0.866761	-0.0312990629906	-0.0414466622624	0	0	0
6.399936	0.865732	-0.0327282439491	-0.00607407981432	0	0	0
6.433269	0.8645315	-0.0324424077574	0.0490690369314	0	0	0
6.466602	0.8635025	-0.0297269639363	0.108618839033	0	0	0
6.499935	0.8624735	-0.0247248305816	0.150303700503	0	0	0
6.533268	0.8617875	-0.017864761981	0.14113303098	0	0	0
6.566601	0.8614445	-0.015006400064	0.121600695891	0	0	0
6.599934	0.8607585	-0.0114334476678	0.144229620689	0	0	0
6.633267	0.860587	-0.00543088764221	0.170669732822	0	0	0
6.6666	0.8604155	0.000428754287543	0.186152681368	0	0	0
6.699933	0.860587	0.00728882288823	0.189130171473	0	0	0
6.733266	0.86093	0.0132913829138	0.179244904325	0	0	0
6.766599	0.8614445	0.019722697227	0.152923891796	0	0	0
6.799932	0.862302	0.0242960762941	0.104807651698	0	0	0
6.833265	0.8631595	0.0261540115401	0.0705069656878	0	0	0
6.866598	0.864017	0.0282977829778	0.0543094195163	0	0	0
6.899931	0.865046	0.0301557182238	0.029417602238	0	0	0
6.933264	0.866075	0.0305844725114	-0.00571678100171	0	0	0
6.966597	0.867104	0.030012800128	-0.0489499373272	0	0	0
6.99993	0.868133	0.0274402744027	-0.0926594920695	0	0	0
7.033263	0.8689905	0.0231527315273	-0.11421652043	0	0	0
7.066596	0.8696765	0.0188651886519	-0.110167133887	0	0	0
7.099929	0.870191	0.0158639086391	-0.1105244327	0	0	0
7.133262	0.8707055	0.013148464818	-0.153995788234	0	0	0
7.166595	0.87122	0.00628839621729	-0.212950092314	0	0	0
7.199928	0.87122	-0.00314419810865	-0.21652308044	0	0	0
7.233261	0.870877	-0.00943259432594	-0.182936992055	0	0	0
7.266594	0.870534	-0.0141488914889	-0.172694426093	0	0	0
7.299927	0.8700195	-0.0205802058021	-0.168525939946	0	0	0
7.33326	0.869162	-0.0267256839235	-0.129699468976	0	0	0
7.366593	0.868133	-0.0298698820322	-0.0727698581677	0	0	0
7.399926	0.867104	-0.0308703087031	-0.0319186939262	0	0	0
7.433259	0.866075	-0.0312990629906	-0.00928976912779	0	0	0
7.466592	0.865046	-0.0320136534699	0.0234626220279	0	0	0
7.499925	0.8638455	-0.0301557182238	0.0663384795407	0	0	0
7.533258	0.862988	-0.0267256839235	0.0901584003812	0	0	0
7.566591	0.8621305	-0.0244389943899	0.122672592328	0	0	0
7.599924	0.861273	-0.0194368610353	0.174480920157	0	0	0
7.633257	0.8607585	-0.0122909562429	0.20830520775	0	0	0
7.66659	0.8604155	-0.00400170668373	0.19782444258	0	0	0
7.699923	0.860587	0.00171501715017	0.16269005934	0	0	0
7.733256	0.860587	0.00585964192975	0.151018298129	0	0	0
7.766589	0.86093	0.0110046933803	0.158521573193	0	0	0
7.799922	0.861273	0.0171501715017	0.148874505253	0	0	0
7.833255	0.8621305	0.0218664686647	0.114335620034	0	0	0
7.866588	0.8628165	0.0241531581982	0.0917066952358	0	0	0
7.899921	0.863674	0.0277261105944	0.0733653561887	0	0	0
7.933254	0.864703	0.0298698820322	0.0351343832397	0	0	0
7.966587	0.865732	0.0301557182238	-0.00500218337649	0	0	0
7.99992	0.866761	0.0288694553612	-0.0307276978842	0	0	0
8.033253	0.8676185	0.0280119467861	-0.0544285191205	0	0	0
8.066586	0.8686475	0.026296929636	-0.103378456448	0	0	0
8.099919	0.869505	0.0208660419938	-0.144348720293	0	0	0
8.133252	0.8700195	0.0155780724474	-0.154710385859	0	0	0
8.166585	0.870534	0.010290102901	-0.152685692587	0	0	0
8.199918	0.8707055	0.00528796954636	-0.145301517127	0	0	0
8.233251	0.870877	0.000571672383391	-0.140656632563	0	0	0
8.266584	0.8707055	-0.00343003430034	-0.154710385859	0	0	0
8.299917	0.8707055	-0.0090038400384	-0.186271780973	0	0	0
8.33325	0.870191	-0.01686433531	-0.188534673452	0	0	0
8.366583	0.869505	-0.0227239772398	-0.15530588388	0	0	0
8.399916	0.8686475	-0.0274402744027	-0.110643532304	0	0	0
8.433249	0.8676185	-0.0301557182238	-0.0621699933937	0	0	0
8.466582	0.8665895	-0.0311561448948	-0.0241772196531	0	0	0
8.499915	0.8655605	-0.0320136534699	0.017626741422	0	0	0
8.533248	0.86436	-0.0301557182238	0.0602643997264	0	0	0
8.566581	0.8635025	-0.0268686020194	0.0738417546055	0	0	0
8.599914	0.862645	-0.0251535848692	0.0859899142341	0	0	0
8.633247	0.8617875	-0.0221523048564	0.12386358837	0	0	0
8.66658	0.8611015	-0.0171501715017	0.168287740738	0	0	0
8.699913	0.860587	-0.010290102901	0.194608753267	0	0	0
8.733246	0.8604155	-0.00328711620449	0.195680649705	0	0	0
8.766579	0.8604155	0.0027154438211	0.194608753267	0	0	0
8.799912	0.860587	0.0090038400384	0.204851319228	0	0	0
8.833245	0.86093	0.0171501715017	0.189844769099	0	0	0
8.866578	0.8617875	0.023438567719	0.12696017808	0	0	0
8.899911	0.862645	0.0254394210609	0.0671721767701	0	0	0
8.933244	0.8635025	0.0264398477318	0.0453769492011	0	0	0
8.966577	0.86436	0.028154864882	0.0357298812607	0	0	0
8.99991	0.865389	0.0295840458405	0.00976616754458	0	0	0
9.033243	0.866418	0.0287265372654	-0.017031243401	0	0	0
9.066576	0.8672755	0.028154864882	-0.040017467012	0	0	0
9.099909	0.8683045	0.0268686020194	-0.0844416193795	0	0	0
9.133242	0.869162	0.0227239772398	-0.132796058686	0	0	0
9.166575	0.869848	0.0174360076934	-0.163047358153	0	0	0
9.199908	0.8703625	0.0110046933803	-0.167454043509	0	0	0
9.233241	0.870534	0.00571672383391	-0.154353087046	0	0	0
9.266574	0.8707055	0.00142918095848	-0.156854178735	0	0	0
9.299907	0.8707055	-0.00471629716297	-0.157926075172	0	0	0
9.33324	0.8703625	-0.00986134861349	-0.14029933375	0	0	0
9.366573	0.8700195	-0.0142918095848	-0.119099604202	0	0	0
9.399906	0.8693335	-0.01686433531	-0.119933301432	0	0	0
9.433239	0.8689905	-0.021580632473	-0.136726345624	0	0	0
9.466572	0.8679615	-0.0278690286903	-0.104688552094	0	0	0
9.499905	0.8669325	-0.0290123734571	-0.0558577143709	0	0	0
9.533238	0.866075	-0.0307273906072	-0.0234626220279	0	0	0
9.566571	0.8648745	-0.0314419810865	0.028822104217	0	0	0
9.599904	0.8638455	-0.0285836191695	0.0728889577719	0	0	0
9.633237	0.862988	-0.0257252572526	0.0950414841535	0	0	0
9.66657	0.8621305	-0.0224381410481	0.118861404994	0	0	0
9.699903	0.8614445	-0.017864761981	0.142681325834	0	0	0
9.733236	0.86093	-0.0127197105304	0.160903565277	0	0	0
9.766569	0.860587	-0.00714590479238	0.177101111449	0	0	0
9.799902	0.8604155	-0.00057167238339	0.183889788888	0	0	0
9.833235	0.860587	0.00528796954636	0.184127988097	0	0	0
9.866568	0.8607585	0.011290529572	0.191154864745	0	0	0
9.899901	0.861273	0.0188651886519	0.174480920157	0	0	0
9.933234	0.8621305	0.023438567719	0.139703835729	0	0	0
9.966567	0.8628165	0.0280119467861	0.103021157635	0	0	0
9.9999	0.864017	0.0312990629906	0.0410893634498	0	0	0
10.033233	0.865046	0.0305844725114	-0.0131009564623	0	0	0
10.066566	0.866075	0.0290123734571	-0.0295367018422	0	0	0
10.099899	0.8669325	0.0282977829778	-0.0359680804691	0	0	0
10.133232	0.8679615	0.0274402744027	-0.0639564874567	0	0	0
10.166565	0.868819	0.0247248305816	-0.111596329138	0	0	0
10.199898	0.8696765	0.0198656153228	-0.155067684672	0	0	0
10.233231	0.870191	0.0134343010097	-0.170431533614	0	0	0
10.266564	0.870534	0.00786049527162	-0.164595653008	0	0	0
10.299897	0.8707055	0.00257252572526	-0.158402473589	0	0	0
10.33323	0.8707055	-0.00257252572526	-0.155186784276	0	0	0
10.366563	0.870534	-0.00771757717577	-0.153995788234	0	0	0
10.399896	0.870191	-0.0128626286263	-0.15078009892	0	0	0
10.433229	0.8696765	-0.0180076800768	-0.136249947208	0	0	0
10.466562	0.8689905	-0.0225810591439	-0.102068360801	0	0	0
10.499895	0.868133	-0.0257252572526	-0.0484735389104	0	0	0
10.533228	0.867104	-0.0245819124858	-0.0278693073834	0	0	0
10.566561	0.8665895	-0.0255823391567	-0.0556195151625	0	0	0
10.599894	0.8655605	-0.0302986363197	-0.0322759927388	0	0	0
10.633227	0.86436	-0.0295840458405	0.0393028693868	0	0	0
10.66656	0.8635025	-0.026296929636	0.0796776352114	0	0	0
10.699893	0.862645	-0.0232956496232	0.0943268865283	0	0	0
10.733226	0.861959	-0.0202943696104	0.11278732518	0	0	0
10.766559	0.861273	-0.0165784991183	0.151018298129	0	0	0
10.799892	0.8607585	-0.0101471848052	0.187224577806	0	0	0
10.833225	0.860587	-0.00314419810865	0.197109844955	0	0	0
10.866558	0.860587	0.00314419810865	0.196514346934	0	0	0
10.899891	0.8607585	0.0101471848052	0.183889788888	0	0	0
10.933224	0.861273	0.0164355810225	0.143991421481	0	0	0
10.966557	0.861959	0.0198656153228	0.103140257239	0	0	0
10.99989	0.862645	0.0218664686647	0.100758265155	0	0	0
11.033223	0.863331	0.0260110934443	0.112310926763	0	0	0
11.066556	0.86436	0.0304415544155	0.0917066952359	0	0	0
11.099889	0.865389	0.03372867062	0.0245345184657	0	0	0
11.133222	0.866761	0.0324424077574	-0.0553813159541	0	0	0
11.166555	0.8676185	0.0287265372654	-0.100400966343	0	0	0
11.199888	0.8686475	0.0251535848692	-0.124339986787	0	0	0
11.233221	0.8693335	0.0204372877062	-0.142443126626	0	0	0
11.266554	0.8700195	0.0154351543515	-0.153400290213	0	0	0
11.299887	0.8703625	0.0101471848052	-0.160665366069	0	0	0
11.33322	0.8707055	0.00471629716297	-0.165072051425	0	0	0
11.366553	0.8707055	-0.00142918095848	-0.154472186651	0	0	0
11.399886	0.870534	-0.00557380573806	-0.144110521085	0	0	0
11.433219	0.8703625	-0.0104330209969	-0.149470003274	0	0	0
11.466552	0.869848	-0.0155780724474	-0.152209294171	0	0	0
11.499885	0.8693335	-0.0208660419938	-0.143515023064	0	0	0
11.533218	0.868476	-0.026296929636	-0.10147286278	0	0	0
11.566551	0.867447	-0.0280119467861	-0.0456151484095	0	0	0
11.599884	0.8665895	-0.0285836191695	-0.00643137862693	0	0	0
11.633217	0.8655605	-0.0288694553612	0.0381118733448	0	0	0
11.66655	0.8645315	-0.0257252572526	0.067648575187	0	0	0
11.699883	0.8638455	-0.0225810591439	0.0516892282238	0	0	0
11.733216	0.8631595	-0.0225810591439	0.0450196503885	0	0	0
11.766549	0.862302	-0.0214377143771	0.0871809102761	0	0	0
11.799882	0.861616	-0.0171501715017	0.142204927418	0	0	0
11.833215	0.8611015	-0.0108617752844	0.169836035593	0	0	0
11.866548	0.86093	-0.00514505145051	0.174838218969	0	0	0
11.899881	0.8607585	0.000571672383391	0.179483103533	0	0	0
11.933214	0.86093	0.00714590479238	0.172456226885	0	0	0
11.966547	0.861273	0.0125767924346	0.150899198524	0	0	0
11.99988	0.8617875	0.0172930895976	0.127079277684	0	0	0
12.033213	0.8624735	0.0207231238979	0.110405333096	0	0	0
12.066546	0.8631595	0.0241531581982	0.103021157635	0	0	0
12.099879	0.864017	0.0287265372654	0.0668148779575	0	0	0
12.133212	0.8652175	0.0294411277446	0.012386358837	0	0	0
12.166545	0.866075	0.0277261105944	0.00190559366725	0	0	0
12.199878	0.8669325	0.0288694553612	0.00452578495971	0	0	0
12.233211	0.8679615	0.0304415544155	-0.0555004155583	0	0	0
12.266544	0.869162	0.0264398477318	-0.147921708419	0	0	0
12.299877	0.869848	0.018722270556	-0.191035765141	0	0	0
12.33321	0.8703625	0.0117192838595	-0.176624713032	0	0	0
12.366543	0.870534	0.00714590479238	-0.158521573193	0	0	0
12.399876	0.870877	0.00200085334187	-0.15983166884	0	0	0
12.433209	0.8707055	-0.00400170668373	-0.152090194566	0	0	0
12.466542	0.870534	-0.00814633146332	-0.146611612773	0	0	0
12.499875	0.870191	-0.013148464818	-0.155663182693	0	0	0
12.533208	0.8696765	-0.0185793524602	-0.158878872006	0	0	0
12.566541	0.8689905	-0.0247248305816	-0.132319660269	0	0	0
12.599874	0.8679615	-0.0287265372654	-0.0693159696458	0	0	0
12.633207	0.8669325	-0.0287265372654	-0.020008733506	0	0	0
12.66654	0.866075	-0.0288694553612	0.000238199208414	0	0	0
12.699873	0.865046	-0.0294411277446	0.0372781761153	0	0	0
12.733206	0.864017	-0.027154438211	0.090039300777	0	0	0
12.766539	0.8631595	-0.0227239772398	0.120886098265	0	0	0
12.799872	0.8624735	-0.0174360076934	0.107666042199	0	0	0
12.833205	0.8621305	-0.0154351543515	0.0913493964232	0	0	0
12.866538	0.8614445	-0.0132913829138	0.125054584413	0	0	0
12.899871	0.8611015	-0.00743174098408	0.169240537572	0	0	0
12.933204	0.86093	-0.000714590479238	0.181031398388	0	0	0
12.966537	0.8611015	0.00514505145051	0.173409023719	0	0	0
12.99987	0.861273	0.0107188571886	0.161618162903	0	0	0
13.033203	0.8617875	0.0165784991183	0.132319660269	0	0	0
13.066536	0.8624735	0.0198656153228	0.0964706794039	0	0	0
13.099869	0.8631595	0.0218664686647	0.0876573086929	0	0	0
13.133202	0.8638455	0.0255823391567	0.0799158344198	0	0	0
13.166535	0.8648745	0.0287265372654	0.0337051879893	0	0	0
13.199868	0.8659035	0.0280119467861	-0.018222239443	0	0	0
13.233201	0.866761	0.026296929636	-0.0393028693868	0	0	0
13.266534	0.8676185	0.0251535848692	-0.0499027341608	0	0	0
13.299867	0.868476	0.0231527315273	-0.0643137862693	0	0	0
13.3332	0.869162	0.0208660419938	-0.0828933245249	0	0	0
13.366533	0.869848	0.0185793524602	-0.127079277684	0	0	0
13.399866	0.870534	0.0125767924346	-0.174957318573	0	0	0
13.433199	0.8707055	0.00571672383391	-0.189725669494	0	0	0
13.466532	0.870877	-0.000428754287543	-0.189368370682	0	0	0
13.499865	0.8707055	-0.00714590479238	-0.176982011845	0	0	0
13.533198	0.8703625	-0.0125767924346	-0.154233987442	0	0	0
13.566531	0.869848	-0.0174360076934	-0.130533166206	0	0	0
13.599864	0.869162	-0.0210089600896	-0.112191827159	0	0	0
13.633197	0.868476	-0.0250106667733	-0.0913493964232	0	0	0
13.66653	0.867447	-0.0275831924986	-0.057048710413	0	0	0
13.699863	0.8665895	-0.0285836191695	-0.0264401121329	0	0	0
13.733196	0.8655605	-0.0295840458405	0.010599864774	0	0	0
13.766529	0.8645315	-0.0280119467861	0.0496645349524	0	0	0
13.799862	0.863674	-0.0257252572526	0.0753900494601	0	0	0
13.833195	0.8628165	-0.0230098134315	0.103973954469	0	0	0
13.866528	0.8621305	-0.0194368610353	0.14708801119	0	0	0
13.899861	0.8614445	-0.0135772191055	0.192822259204	0	0	0
13.933194	0.8611015	-0.00471629716297	0.186629079785	0	0	0
13.966527	0.861273	0.000571672383391	0.135416249978	0	0	0
13.99986	0.861273	0.00242960762941	0.128627572539	0	0	0
14.033193	0.861273	0.00800341336747	0.150899198524	0	0	0
14.066526	0.8617875	0.0140059733931	0.137798242062	0	0	0
14.099859	0.862302	0.0177218438851	0.10969073547	0	0	0
14.133192	0.862988	0.0207231238979	0.0923021932569	0	0	0
14.166525	0.863674	0.0235814858149	0.080630432045	0	0	0
14.199858	0.8645315	0.0268686020194	0.049426335744	0	0	0
14.233191	0.8655605	0.0274402744027	0.00369208773029	0	0	0
14.266524	0.866418	0.026296929636	-0.0231053232153	0	0	0
14.299857	0.8672755	0.0255823391567	-0.0423994590961	0	0	0
14.33319	0.868133	0.0242960762941	-0.0807495316492	0	0	0
14.366523	0.8689905	0.0202943696104	-0.119814201828	0	0	0
14.399856	0.869505	0.0154351543515	-0.13208146106	0	0	0
14.433189	0.8700195	0.0107188571886	-0.12100519787	0	0	0
14.466522	0.870191	0.00686006860069	-0.100162767134	0	0	0
14.499855	0.8703625	0.00557380573806	-0.121838895099	0	0	0
14.533188	0.8707055	0.000428754287543	-0.186629079785	0	0	0
14.566521	0.870534	-0.00857508575086	-0.206518713687	0	0	0
14.599854	0.8700195	-0.015006400064	-0.176505613428	0	0	0
14.633187	0.869505	-0.0202943696104	-0.138512839687	0	0	0
14.66652	0.8686475	-0.0244389943899	-0.0942077869241	0	0	0
14.699853	0.86779	-0.0261540115401	-0.0615744953726	0	0	0
14.733186	0.8669325	-0.028154864882	-0.0381118733447	0	0	0
14.766519	0.8659035	-0.0294411277446	0.00321568931348	0	0	0
14.799852	0.8648745	-0.0280119467861	0.0451387499927	0	0	0
14.833185	0.864017	-0.0257252572526	0.0681249736037	0	0	0
14.866518	0.8631595	-0.0231527315273	0.0815832288786	0	0	0
14.899851	0.8624735	-0.0204372877062	0.10004366753	0	0	0
14.933184	0.8617875	-0.0171501715017	0.139227437313	0	0	0
14.966517	0.861273	-0.0117192838595	0.191512163557	0	0	0
14.99985	0.86093	-0.00400170668373	0.225336451151	0	0	0
15.033183	0.86093	0.00543088764221	0.196990745351	0	0	0
15.066516	0.8614445	0.0107188571886	0.124220887183	0	0	0
15.099849	0.8617875	0.0120051200512	0.0927785916737	0	0	0
15.133182	0.8621305	0.0155780724474	0.0992099703006	0	0	0
15.166515	0.8628165	0.0194368610353	0.0909920976106	0	0	0
15.199848	0.8635025	0.021580632473	0.081821428087	0	0	0
15.233181	0.8641885	0.0250106667733	0.0649092842903	0	0	0
15.266514	0.8652175	0.0268686020194	0.0234626220279	0	0	0
15.299847	0.866075	0.0261540115401	-0.00845607189836	0	0	0
15.33318	0.8669325	0.0257252572526	-0.0278693073833	0	0	0
15.366513	0.86779	0.0248677486775	-0.0621699933936	0	0	0
15.399846	0.8686475	0.0221523048564	-0.1105244327	0	0	0
15.433179	0.8693335	0.0172930895976	-0.150541899712	0	0	0
15.466512	0.869848	0.0110046933803	-0.156615979526	0	0	0
15.499845	0.8700195	0.00585964192975	-0.130294966997	0	0	0
15.533178	0.870191	0.00242960762941	-0.104807651698	0	0	0
15.566511	0.870191	-0.00100042667093	-0.0899202011728	0	0	0
15.599844	0.8700195	-0.00214377143771	-0.117551309348	0	0	0
15.633177	0.870191	-0.00728882288823	-0.184008888493	0	0	0
15.66651	0.8696765	-0.0162926629266	-0.197348044163	0	0	0
15.699843	0.8689905	-0.0224381410481	-0.150303700503	0	0	0
15.733176	0.868133	-0.0267256839235	-0.0852753166089	0	0	0
15.766509	0.867104	-0.0277261105944	-0.030013100259	0	0	0
15.799842	0.8662465	-0.0272973563069	-0.0128627572539	0	0	0
15.833175	0.865389	-0.0290123734571	0.0116717612118	0	0	0
15.866508	0.8641885	-0.0274402744027	0.0571678100171	0	0	0
15.899841	0.8635025	-0.0241531581982	0.0769383443148	0	0	0
15.933174	0.862645	-0.0221523048564	0.0919448944442	0	0	0
15.966507	0.861959	-0.0182935162685	0.112549125971	0	0	0
15.99984	0.8614445	-0.0147205638723	0.136249947208	0	0	0
16.033173	0.86093	-0.00957551242179	0.170074234801	0	0	0
16.066506	0.8607585	-0.0030012800128	0.194608753267	0	0	0
16.099839	0.8607585	0.00343003430034	0.213307391126	0	0	0
16.133172	0.86093	0.011290529572	0.218190474899	0	0	0
16.166505	0.8614445	0.0201514515145	0.161141764486	0	0	0
16.199838	0.8624735	0.023438567719	0.0683631728122	0	0	0
16.233171	0.8631595	0.0224381410481	0.0337051879893	0	0	0
16.266504	0.8638455	0.0240102401024	0.0441859531591	0	0	0
16.299837	0.864703	0.0267256839235	0.0259637137161	0	0	0
16.33317	0.865732	0.0268686020194	-0.0201278331102	0	0	0
16.366503	0.8665895	0.0242960762941	-0.0414466622624	0	0	0
16.399836	0.8672755	0.0232956496232	-0.0423994590961	0	0	0
16.433169	0.868133	0.0222952229522	-0.0632418898315	0	0	0
16.466502	0.868819	0.019722697227	-0.101711061989	0	0	0
16.499835	0.869505	0.0152922362557	-0.136249947208	0	0	0
16.533168	0.869848	0.0101471848052	-0.154710385859	0	0	0
16.566501	0.870191	0.00471629716297	-0.160665366069	0	0	0
16.599834	0.870191	-0.00128626286263	-0.146135214356	0	0	0
16.633167	0.8700195	-0.00514505145051	-0.127555676101	0	0	0
16.6665	0.869848	-0.00886092194255	-0.130771365414	0	0	0
16.699833	0.869505	-0.0142918095848	-0.123387189954	0	0	0
16.733166	0.868819	-0.0177218438851	-0.100639165551	0	0	0
16.766499	0.8683045	-0.0205802058021	-0.087657308693	0	0	0
16.799832	0.867447	-0.0232956496232	-0.0792012367946	0	0	0
16.833165	0.866761	-0.0260110934443	-0.0633609894357	0	0	0
16.866498	0.865732	-0.0287265372654	-0.0148874505253	0	0	0
16.899831	0.864703	-0.0274402744027	0.0446623515759	0	0	0
16.933164	0.8638455	-0.0242960762941	0.0671721767702	0	0	0
16.966497	0.8631595	-0.0225810591439	0.0768192447105	0	0	0
16.99983	0.862302	-0.0198656153228	0.101949261197	0	0	0
17.033163	0.8617875	-0.0157209905432	0.127912974913	0	0	0
17.066496	0.861273	-0.0115763657637	0.159712569235	0	0	0
17.099829	0.86093	-0.00500213335467	0.185318984139	0	0	0
17.133162	0.86093	0.00185793524602	0.178768505908	0	0	0
17.166495	0.8611015	0.00743174098408	0.155186784276	0	0	0
17.199828	0.8614445	0.012148038147	0.133629755915	0	0	0
17.233161	0.861959	0.0157209905432	0.129818568581	0	0	0
17.266494	0.8624735	0.0198656153228	0.145063317919	0	0	0
17.299827	0.8631595	0.0267256839235	0.119456903015	0	0	0
17.33316	0.86436	0.0302986363197	0.0285839050086	0	0	0
17.366493	0.865389	0.0280119467861	-0.0453769492011	0	0	0
17.399826	0.8662465	0.0247248305816	-0.0507364313902	0	0	0
17.433159	0.8669325	0.0238673220066	-0.032395092343	0	0	0
17.466492	0.86779	0.0241531581983	-0.0539521207037	0	0	0
17.499825	0.8686475	0.021580632473	-0.11195362795	0	0	0
17.533158	0.8693335	0.0158639086391	-0.150184600899	0	0	0
17.566491	0.8696765	0.0104330209969	-0.154591286255	0	0	0
17.599824	0.8700195	0.00528796954636	-0.146016114752	0	0	0
17.633157	0.8700195	0.000571672383391	-0.13291515829	0	0	0
17.66649	0.8700195	-0.00314419810865	-0.132200560665	0	0	0
17.699823	0.869848	-0.00786049527162	-0.141728529001	0	0	0
17.733156	0.869505	-0.0128626286263	-0.14256222623	0	0	0
17.766489	0.8689905	-0.017864761981	-0.1246972856	0	0	0
17.799822	0.8683045	-0.0220093867605	-0.0822978265038	0	0	0
17.833155	0.867447	-0.0238673220066	-0.0292985026338	0	0	0
17.866488	0.8665895	-0.0224381410481	-0.0160784465673	0	0	0
17.899821	0.866075	-0.0238673220066	-0.029417602238	0	0	0
17.933154	0.865046	-0.0261540115401	0.000833697229409	0	0	0
17.966487	0.8641885	-0.0247248305816	0.0544285191205	0	0	0
17.99982	0.863331	-0.0212947962813	0.0790821371904	0	0	0
18.033153	0.8628165	-0.0185793524602	0.0801540336282	0	0	0
18.066486	0.8621305	-0.0167214172142	0.0983762730712	0	0	0
18.099819	0.861616	-0.0125767924346	0.132319660269	0	0	0
18.133152	0.861273	-0.00757465907993	0.159712569235	0	0	0
18.166485	0.8611015	-0.00185793524602	0.180912298783	0	0	0
18.199818	0.8611015	0.00500213335467	0.181984195221	0	0	0
18.233151	0.8614445	0.0114334476678	0.14935090367	0	0	0
18.266484	0.861959	0.0151493181598	0.110048034283	0	0	0
18.299817	0.8624735	0.0180076800768	0.0919448944442	0	0	0
18.33315	0.8631595	0.0207231238979	0.0917066952358	0	0	0
18.366483	0.8638455	0.0238673220066	0.0957560817787	0	0	0
18.399816	0.864703	0.0278690286903	0.0738417546055	0	0	0
18.433149	0.865732	0.0305844725114	0.00321568931348	0	0	0
18.466482	0.8669325	0.0280119467861	-0.0669339775617	0	0	0
18.499815	0.8676185	0.0242960762941	-0.0896820019644	0	0	0
18.533148	0.868476	0.0220093867605	-0.106236846949	0	0	0
18.566481	0.869162	0.0177218438851	-0.131247763831	0	0	0
18.599814	0.8696765	0.0128626286263	-0.145897015148	0	0	0
18.633147	0.8700195	0.00771757717577	-0.151851995358	0	0	0
18.66648	0.870191	0.00257252572526	-0.150065501295	0	0	0
18.699813	0.870191	-0.00242960762941	-0.143753222272	0	0	0
18.733146	0.8700195	-0.00714590479238	-0.135297150374	0	0	0
18.766479	0.8696765	-0.0110046933803	-0.13744094325	0	0	0
18.799812	0.8693335	-0.0160068267349	-0.143753222272	0	0	0
18.833145	0.8686475	-0.0217235505688	-0.117789508556	0	0	0
18.866478	0.86779	-0.0247248305816	-0.0669339775617	0	0	0
18.899811	0.8669325	-0.0257252572526	-0.022986223611	0	0	0
18.933144	0.866075	-0.0258681753484	0.0116717612118	0	0	0
18.966477	0.8652175	-0.0257252572526	0.0583588060592	0	0	0
18.99981	0.8641885	-0.0212947962813	0.0819405276912	0	0	0
19.033143	0.8638455	-0.0180076800768	0.0472825428683	0	0	0
19.066476	0.8631595	-0.0190081067477	0.0345388852187	0	0	0
19.099809	0.8624735	-0.0174360076934	0.06943506925	0	0	0
19.133142	0.861959	-0.0145776457765	0.115764815285	0	0	0
19.166475	0.8614445	-0.00957551242179	0.158402473589	0	0	0
19.199808	0.861273	-0.00314419810865	0.17400452174	0	0	0
19.233141	0.861273	0.00257252572526	0.169359637176	0	0	0
19.266474	0.8614445	0.00814633146332	0.156854178735	0	0	0
19.299807	0.8617875	0.0138630552972	0.121838895099	0	0	0
19.33314	0.8624735	0.0167214172142	0.0792012367946	0	0	0
19.366473	0.862988	0.0174360076934	0.0803922328366	0	0	0
19.399806	0.8635025	0.0212947962813	0.0996863687174	0	0	0
19.433139	0.86436	0.0260110934443	0.0714597625214	0	0	0
19.466472	0.865389	0.0270115201152	0.0171503430051	0	0	0
19.499805	0.8662465	0.0254394210609	-0.000476398416821	0	0	0
19.533138	0.8669325	0.0270115201152	-0.0204851319228	0	0	0
19.566471	0.868133	0.0260110934443	-0.0880146075056	0	0	0
19.599804	0.868819	0.0207231238979	-0.144110521085	0	0	0
19.633137	0.869505	0.0151493181598	-0.164714752612	0	0	0
19.66647	0.869848	0.00886092194255	-0.155663182693	0	0	0
19.699803	0.8700195	0.00471629716297	-0.140775732167	0	0	0
19.733136	0.870191	0	-0.140061134542	0	0	0
19.766469	0.8700195	-0.00471629716297	-0.139227437313	0	0	0
19.799802	0.869848	-0.00886092194255	-0.148279007232	0	0	0
19.833135	0.869505	-0.0148634819682	-0.146778352219	0	0	0
19.866468	0.868819	-0.019722697227	-0.113287543517	0	0	0
19.899801	0.868133	-0.0227239772398	-0.0671245369285	0	0	0
19.933134	0.8672755	-0.0243532435324	-0.018222239443	0	0	0
19.966467	0.866418	-0.023438567719	0.0171027031634	0	0	0
19.9998	0.865732	-0.0220093867605	0.0343483258519	0	0	0
