0.05	0.8809955	-0.119859444444	-0.631067067901	-0.0523598775598	-0.93084226773	4.04011400925
0.1	0.876022	-0.148680972222	-0.67527066358	-0.10471975512	-0.756309342531	4.78349498695
0.15	0.8679615	-0.188192666667	-0.665689953704	-0.13962634016	-0.494509954732	5.71433725468
0.2	0.8569855	-0.223426388889	-0.506914830247	-0.157079632679	-0.174532925199	6.4372483214
0.25	0.844809	-0.244006388889	-0.224850262346	-0.157079632679	0.174532925199	6.63117379384
0.3	0.8319465	-0.247436388889	0.109632962963	-0.13962634016	0.513902501976	6.16790738745
0.35	0.819427	-0.233716388889	0.459450617284	-0.10471975512	0.824183257886	4.91277863524
0.4	0.807765	-0.200750277778	0.784506635802	-0.0523598775598	1.02780500395	2.98968436684
0.45	0.7986755	-0.151491666667	1.02328333333	0	1.15385656104	0.307048664703
0.5	0.79233	-0.0941344444444	1.16127731481	0.0698131700798	1.10537519293	-3.18360983929
0.55	0.7890715	-0.0318227777778	1.21076882716	0.12217304764	0.814486984264	-6.10865238198
0.6	0.789243	0.0292502777778	1.19356589506	0.157079632679	0.39754721851	-7.14292156835
0.65	0.791987	0.0895611111111	1.11432654321	0.157079632679	0.0387850944888	-6.82509926629
0.7	0.7983325	0.145012777778	0.937374537037	0.157079632679	-0.252103114177	-6.69581561799
0.75	0.807079	0.187030277778	0.67784845679	0.13962634016	-0.649650332687	-6.01707646444
0.8	0.817712	0.213231666667	0.394344135802	0.0872664625997	-0.940538541352	-3.7707730753
0.85	0.8288595	0.226284722222	0.105281944444	0.0349065850399	-1.02780500395	-1.36286512579
0.9	0.8408645	0.225236666667	-0.209187654321	-0.0174532925199	-1.03750127757	0.48481368111
0.95	0.8521835	0.205418888889	-0.52005787037	-0.0698131700798	-0.989019909463	2.44022886158
1	0.861959	0.171309444444	-0.786888580247	-0.12217304764	-0.814486984264	4.70269270676
1.05	0.869848	0.124051666667	-0.98956558642	-0.157079632679	-0.504206228354	6.65810788724
1.1	0.87465	0.0691716666667	-1.11670848765	-0.174532925199	-0.126051557088	7.94555755152
1.15	0.8768795	0.0103852777778	-1.18578487654	-0.174532925199	0.339369576777	7.96171800755
1.2	0.8758505	-0.0516405555556	-1.18843148148	-0.13962634016	0.766005616153	5.99552918972
1.25	0.8717345	-0.112808888889	-1.08966018519	-0.0872664625997	0.979323635841	3.13512847117
1.3	0.8641885	-0.165211666667	-0.887300771605	-0.0349065850399	1.03750127757	0.888825082034
1.35	0.8545845	-0.2032275	-0.63370308642	0.0174532925199	1.03750127757	-0.845730532602
1.4	0.843437	-0.229238333333	-0.352316049383	0.0698131700798	0.979323635841	-2.95197663609
1.45	0.831089	-0.240195277778	-0.0307006172839	0.12217304764	0.775701889775	-5.52148914597
1.5	0.818741	-0.233906944444	0.323044598765	0.157079632679	0.378154671265	-7.14830838703
1.55	0.8069075	-0.208181944444	0.678060185185	0.157079632679	0	-7.45535705173
1.6	0.797132	-0.163591944444	0.97712654321	0.157079632679	-0.378154671265	-7.14292156835
1.65	0.7901005	-0.106806388889	1.19250725309	0.12217304764	-0.775701889775	-5.48378141522
1.7	0.786156	-0.0417316666667	1.33462993827	0.0698131700798	-0.979323635841	-2.768824801
1.75	0.7856415	0.0297266666667	1.39163780864	0.0174532925199	-1.02780500395	-0.371690488851
1.8	0.7890715	0.102137777778	1.33256558642	-0.0349065850399	-0.998716183086	1.69684788388
1.85	0.796103	0.168165277778	1.14867947531	-0.0872664625997	-0.853272078753	3.58762124021
1.9	0.806393	0.221616111111	0.854853395062	-0.12217304764	-0.639954059065	5.32217685485
1.95	0.819084	0.255820833333	0.498726234568	-0.157079632679	-0.31028075591	6.67426834327
2	0.8326325	0.272303888889	0.110786882716	-0.157079632679	0.0969627362219	6.65810788724
2.05	0.8470385	0.269064444444	-0.319339351852	-0.13962634016	0.378154671265	5.97936873368
2.1	0.860587	0.2409575	-0.752429783951	-0.12217304764	0.688435427176	5.11747774505
2.15	0.8720775	0.190365	-1.11146820988	-0.0698131700798	0.950234814975	3.06509982835
2.2	0.880138	0.125290277778	-1.36723611111	-0.0174532925199	1.01810873033	0.479426862431
2.25	0.88494	0.0507830555556	-1.53825972222	0.0349065850399	0.989019909463	-2.03083064198
2.3	0.885626	-0.0324897222222	-1.60183117284	0.0872664625997	0.814486984264	-4.40641767942
2.35	0.8816815	-0.115381388889	-1.52010401235	0.12217304764	0.513902501976	-5.99014237104
2.4	0.8737925	-0.190650833333	-1.28905540123	0.13962634016	0.174532925199	-6.65272106856
2.45	0.861959	-0.249627777778	-0.929328858025	0.13962634016	-0.174532925199	-6.62040015648
2.5	0.847896	-0.286214444444	-0.497455864198	0.12217304764	-0.513902501976	-5.81237735464
2.55	0.832461	-0.300125	-0.0355703703704	0.0872664625997	-0.804790710642	-3.96469854774
2.6	0.817026	-0.290978333333	0.449552314815	0.0349065850399	-0.950234814975	-1.36286512579
2.65	0.802277	-0.255344444444	0.9261	-0.0174532925199	-0.901753446864	0.678739153553
2.7	0.7904435	-0.1946525	1.31515092593	-0.0523598775598	-0.853272078753	2.23552975178
2.75	0.7822115	-0.118144444444	1.57102469136	-0.10471975512	-0.736916795286	4.62727724526
2.8	0.778267	-0.0321086111111	1.69028070988	-0.13962634016	-0.368458397643	6.48572968951
2.85	0.778953	0.0557375	1.67990601852	-0.13962634016	-0.00969627362219	6.79816517289
2.9	0.7839265	0.140725277778	1.53968888889	-0.13962634016	0.339369576777	6.29180421707
2.95	0.793359	0.21609	1.2476625	-0.10471975512	0.649650332687	4.98280727807
3	0.806393	0.27097	0.827699228395	-0.0698131700798	0.853272078753	3.22131757004
3.05	0.821485	0.300887222222	0.348769598765	-0.0174532925199	0.989019909463	1.00194827429
3.1	0.8374345	0.306032222222	-0.143181327161	0.0349065850399	0.979323635841	-1.70223470256
3.15	0.853041	0.286500277778	-0.62856867284	0.0872664625997	0.814486984264	-4.25558675641
3.2	0.867104	0.241719722222	-1.07055169753	0.12217304764	0.513902501976	-5.95782145897
3.25	0.87808	0.175596944444	-1.41609243827	0.13962634016	0.174532925199	-6.65272106856
3.3	0.885283	0.0942297222222	-1.62093966049	0.13962634016	-0.174532925199	-6.65272106856
3.35	0.887684	0.00743166666667	-1.6762007716	0.12217304764	-0.513902501976	-5.95782145897
3.4	0.885969	-0.0783183333333	-1.59987268519	0.0872664625997	-0.814486984264	-4.26097357508
3.45	0.8796235	-0.157589444444	-1.39296111111	0.0349065850399	-0.979323635841	-1.73455561464
3.5	0.8696765	-0.22295	-1.0588537037	-0.0174532925199	-0.989019909463	0.851117351281
3.55	0.856471	-0.267444722222	-0.63110941358	-0.0698131700798	-0.862968352375	2.89272163062
3.6	0.8418935	-0.286786111111	-0.176581481481	-0.10471975512	-0.678739153553	4.46567268489
3.65	0.826973	-0.284404166667	0.267783487654	-0.13962634016	-0.436332312999	6.17868102481
3.7	0.812567	-0.259346111111	0.690816820988	-0.157079632679	-0.0290888208666	7.14830838703
3.75	0.800219	-0.213612777778	1.06377638889	-0.13962634016	0.339369576777	6.79277835421
3.8	0.7904435	-0.149395555556	1.34463410494	-0.12217304764	0.678739153553	5.59690460748
3.85	0.784784	-0.0732686111111	1.48670385802	-0.0698131700798	0.950234814975	3.28595939419
3.9	0.783069	0.00504972222222	1.48998564815	-0.0174532925199	1.01810873033	0.700286428269
3.95	0.78547	0.0796522222222	1.38655632716	0.0349065850399	0.998716183086	-1.55140377955
4	0.791301	0.146918333333	1.19308950617	0.0872664625997	0.853272078753	-3.59300805889
4.05	0.800562	0.203132222222	0.89995154321	0.12217304764	0.639954059065	-5.49994187125
4.1	0.8123955	0.240385833333	0.526621450617	0.157079632679	0.300584482288	-7.14830838703
4.15	0.8254295	0.256964166667	0.123755246914	0.157079632679	-0.135747830711	-7.47151750777
4.2	0.838978	0.251819166667	-0.260902314815	0.13962634016	-0.504206228354	-6.46956923347
4.25	0.851326	0.228380833333	-0.592786574074	0.10471975512	-0.814486984264	-4.63266406394
4.3	0.862302	0.191031944444	-0.880737191358	0.0523598775598	-0.989019909463	-2.28939793857
4.35	0.8710485	0.138819722222	-1.11760833333	0	-1.02780500395	-0.188538653765
4.4	0.876708	0.0748883333333	-1.25152654321	-0.0523598775598	-0.998716183086	1.74532925199
4.45	0.8785945	0.00847972222222	-1.26671805556	-0.10471975512	-0.853272078753	3.66303670172
4.5	0.877394	-0.05488	-1.19838271605	-0.13962634016	-0.639954059065	5.65615961294
4.55	0.872935	-0.113571111111	-1.06457037037	-0.174532925199	-0.290888208666	7.47690432644
4.6	0.865732	-0.163973055556	-0.862263888889	-0.174532925199	0.164836651577	7.99403891963
4.65	0.856128	-0.2032275	-0.583629320988	-0.157079632679	0.601168964576	6.62040015648
4.7	0.8446375	-0.224379166667	-0.259314351852	-0.10471975512	0.853272078753	4.46028586621
4.75	0.8329755	-0.228190277778	0.0534084876543	-0.0698131700798	1.02780500395	2.41868158687
4.8	0.8213135	-0.217900277778	0.344958487654	0	1.12476774017	-0.145444104333
4.85	0.8106805	-0.193890277778	0.62941558642	0.0523598775598	1.01810873033	-2.73650388893
4.9	0.801248	-0.154159444444	0.885448148148	0.10471975512	0.824183257886	-4.77272134959
4.95	0.794731	-0.101661388889	1.05927716049	0.13962634016	0.513902501976	-6.15174693141
5	0.790958	-0.0446852777778	1.14756790123	0.157079632679	0.174532925199	-6.72813653006
5.05	0.7901005	0.0159113888889	1.16238888889	0.157079632679	-0.174532925199	-6.846646541
5.1	0.792673	0.0741261111111	1.10935092593	0.13962634016	-0.523598775598	-6.46956923347
5.15	0.7976465	0.128720277778	0.999305092593	0.10471975512	-0.853272078753	-5.2575350307
5.2	0.805707	0.177693055556	0.802768209877	0.0523598775598	-1.11507146655	-2.69879615818
5.25	0.815997	0.212755277778	0.522175154321	-0.0174532925199	-1.15385656104	0.527908230542
5.3	0.827659	0.231429722222	0.200983179012	-0.0698131700798	-1.02780500395	3.21593075136
5.35	0.8398355	0.232668333333	-0.124178703704	-0.12217304764	-0.814486984264	5.42991322843
5.4	0.8514975	0.218567222222	-0.44076558642	-0.157079632679	-0.475117407487	7.17524248042
5.45	0.862302	0.18865	-0.750100771605	-0.174532925199	-0.0387850944888	7.66005616153
5.5	0.8710485	0.142249722222	-1.02143070988	-0.157079632679	0.339369576777	6.98670382666
5.55	0.877051	0.0830822222222	-1.21193333333	-0.13962634016	0.678739153553	5.6669332503
5.6	0.8796235	0.0168641666667	-1.30287067901	-0.0872664625997	0.950234814975	3.44217713588
5.65	0.878766	-0.0506877777778	-1.30403518519	-0.0349065850399	1.02780500395	1.02888236769
5.7	0.8744785	-0.116429444444	-1.22357839506	0.0174532925199	1.02780500395	-1.02888236769
5.75	0.8669325	-0.176549722222	-1.04980231481	0.0698131700798	0.950234814975	-3.4367903172
5.8	0.856471	-0.226475277778	-0.760687191358	0.12217304764	0.678739153553	-5.62922551955
5.85	0.843437	-0.256583055556	-0.38201095679	0.13962634016	0.339369576777	-6.79816517289
5.9	0.8298885	-0.264681666667	0.0125978395062	0.157079632679	-0.0290888208666	-7.14830838703
5.95	0.81634	-0.254868055556	0.404771759259	0.13962634016	-0.436332312999	-6.17868102481
6	0.803649	-0.225236666667	0.805838271605	0.10471975512	-0.678739153553	-4.46567268489
6.05	0.7928445	-0.173024444444	1.16736450617	0.0698131700798	-0.862968352375	-2.89272163062
6.1	0.7856415	-0.103566944444	1.41709814815	0.0174532925199	-0.989019909463	-0.85650416996
6.15	0.7822115	-0.0260108333333	1.53794212963	-0.0349065850399	-0.979323635841	1.70223470256
6.2	0.7828975	0.0549752777778	1.53566604938	-0.0872664625997	-0.814486984264	4.11014265207
6.25	0.787871	0.132150277778	1.41402808642	-0.12217304764	-0.523598775598	5.62922551955
6.3	0.796446	0.200655	1.1792212963	-0.13962634016	-0.203621746066	6.1301996567
6.35	0.808451	0.255058611111	0.825052623457	-0.13962634016	0.0775701889775	6.50727696423
6.4	0.822857	0.287357777778	0.375923765432	-0.13962634016	0.475117407487	6.15713375009
6.45	0.838292	0.293265	-0.097024537037	-0.0872664625997	0.775701889775	4.23942630037
6.5	0.853041	0.276400833333	-0.549117592593	-0.0523598775598	0.892057173242	2.17627474631
6.55	0.866761	0.237718055556	-0.976808950617	0	0.989019909463	0.010773637358
6.6	0.877737	0.176645	-1.34405185185	0.0523598775598	0.940538541353	-2.88194799326
6.65	0.8851115	0.0987077777778	-1.59712021605	0.10471975512	0.678739153553	-5.2575350307
6.7	0.888027	0.0105758333333	-1.69700308642	0.12217304764	0.349065850399	-6.28641739839
6.75	0.8861405	-0.0774608333333	-1.63872484568	0.13962634016	0.00969627362219	-6.32951194782
6.8	0.8799665	-0.158256388889	-1.4489632716	0.12217304764	-0.31028075591	-5.68848052502
6.85	0.869848	-0.226665833333	-1.14349212963	0.10471975512	-0.552687596465	-4.95587318468
6.9	0.8566425	-0.277448888889	-0.724216975309	0.0698131700798	-0.824183257886	-3.70613125115
6.95	0.841036	-0.302506944444	-0.227184567901	0.0174532925199	-0.979323635841	-1.32515739503
7	0.825258	-0.299839166667	0.270800617284	-0.0349065850399	-0.979323635841	1.55140377955
7.05	0.810166	-0.273733055556	0.731362808642	-0.0872664625997	-0.814486984264	4.21787902565
7.1	0.7969605	-0.224474444444	1.13279984568	-0.12217304764	-0.513902501976	5.92011372822
7.15	0.7870135	-0.157113055556	1.44631666667	-0.13962634016	-0.174532925199	6.50189014555
7.2	0.780668	-0.07546	1.64407098765	-0.13962634016	0.164836651577	6.32951194782
7.25	0.7791245	0.0138152777778	1.68392885802	-0.12217304764	0.48481368111	5.47300777786
7.3	0.7822115	0.0997558333333	1.56112638889	-0.0872664625997	0.717524248042	4.28790766848
7.35	0.789586	0.174548888889	1.31536265432	-0.0523598775598	0.950234814975	2.34326612536
7.4	0.800219	0.234669166667	0.975644444444	0.0174532925199	0.989019909463	-0.355530032814
7.45	0.8137675	0.275924444444	0.546365123457	0.0523598775598	0.882360899619	-2.57489932856
7.5	0.8288595	0.291645277778	0.0646300925926	0.10471975512	0.746613068909	-4.91816545392
7.55	0.8439515	0.281926944444	-0.40773595679	0.13962634016	0.368458397643	-6.63117379384
7.6	0.8580145	0.248293888889	-0.820976851852	0.13962634016	0.00969627362219	-6.83048608497
7.65	0.869505	0.195986388889	-1.14375679012	0.13962634016	-0.339369576777	-6.30257785442
7.7	0.87808	0.130721111111	-1.37861651235	0.10471975512	-0.649650332687	-5.02051500882
7.75	0.8830535	0.0544036111111	-1.51020570988	0.0698131700798	-0.853272078753	-3.40446940512
7.8	0.8837395	-0.0263919444444	-1.49734320988	0.0174532925199	-0.998716183086	-1.47598831804
7.85	0.880138	-0.101280277778	-1.34415771605	-0.0349065850399	-1.01810873033	0.888825082034
7.9	0.8731065	-0.164258888889	-1.09855277778	-0.0872664625997	-0.940538541353	3.76538625662
7.95	0.8631595	-0.213136388889	-0.793346296296	-0.13962634016	-0.639954059065	6.44802195876
8	0.8511545	-0.245340277778	-0.440659722222	-0.157079632679	-0.213318019688	7.47151750777
8.05	0.837949	-0.259441388889	-0.0421339506173	-0.157079632679	0.164836651577	7.16446884306
8.1	0.824229	-0.250199444444	0.364119907407	-0.13962634016	0.513902501976	6.32412512914
8.15	0.8120525	-0.219901111111	0.704896759259	-0.10471975512	0.824183257886	4.77272134959
8.2	0.8017625	-0.176073333333	0.963099537037	-0.0523598775598	1.01810873033	2.55873887252
8.25	0.794045	-0.121383888889	1.15566651235	0	1.11507146655	-0.32320912074
8.3	0.789243	-0.0578336111111	1.27206419753	0.0698131700798	0.989019909463	-3.19977029532
8.35	0.7880425	0.0103852777778	1.27926296296	0.10471975512	0.727220521664	-4.80504226166
8.4	0.7904435	0.0749836111111	1.17308117284	0.13962634016	0.48481368111	-5.83931144803
8.45	0.7959315	0.130721111111	0.989459722222	0.157079632679	0.155140377955	-6.846646541
8.5	0.803992	0.17493	0.767144907407	0.157079632679	-0.213318019688	-7.35839431551
8.55	0.8137675	0.208848888889	0.504919290123	0.13962634016	-0.639954059065	-6.59885288177
8.6	0.8254295	0.228285555556	0.185156481481	0.0872664625997	-0.950234814975	-4.23942630037
8.65	0.8374345	0.228190277778	-0.151174074074	0.0349065850399	-1.05689382482	-1.73455561464
8.7	0.848925	0.211230833333	-0.450505092593	-0.0174532925199	-1.12476774017	0.834956895244
8.75	0.8590435	0.181027777778	-0.701826697531	-0.0872664625997	-0.989019909463	3.56607396549
8.8	0.867447	0.1397725	-0.915195987654	-0.12217304764	-0.717524248042	5.31679003617
8.85	0.8734495	0.0879413888889	-1.08288487654	-0.157079632679	-0.446028586621	6.66349470592
8.9	0.8765365	0.0288691666667	-1.18165617284	-0.174532925199	-0.0290888208666	7.36916795286
8.95	0.8765365	-0.0343	-1.18393225309	-0.157079632679	0.339369576777	7.01363792005
9	0.872935	-0.0938486111111	-1.08643132716	-0.13962634016	0.688435427176	6.07633146991
9.05	0.866761	-0.1449175	-0.929593518518	-0.0872664625997	0.989019909463	4.09936901471
9.1	0.858186	-0.188268888889	-0.724216975309	-0.0349065850399	1.14416028742	1.19048692806
9.15	0.847553	-0.220663333333	-0.445423611111	0.0349065850399	1.12476774017	-2.04160427934
9.2	0.8353765	-0.235526666667	-0.108775462963	0.0872664625997	0.892057173242	-4.40103086074
9.25	0.8232	-0.231143888889	0.227290432099	0.12217304764	0.649650332687	-5.93627418425
9.3	0.8117095	-0.211611944444	0.540013271605	0.157079632679	0.300584482288	-7.14830838703
9.35	0.8014195	-0.176359166667	0.828810802469	0.157079632679	-0.126051557088	-7.03518519477
9.4	0.7935305	-0.127291111111	1.07685061728	0.13962634016	-0.465421133865	-5.6669332503
9.45	0.788214	-0.0664086111111	1.26248348765	0.10471975512	-0.688435427176	-4.17478447622
9.5	0.786499	0.00323944444444	1.34521635802	0.0698131700798	-0.862968352375	-2.92504254269
9.55	0.788557	0.0730780555556	1.31091635802	0.0174532925199	-0.998716183086	-1.29283648296
9.6	0.794045	0.137771666667	1.1832970679	-0.0349065850399	-1.01810873033	0.926532812787
9.65	0.80262	0.194461944444	0.970562962963	-0.0872664625997	-0.940538541352	3.7707730753
9.7	0.813939	0.238956666667	0.659798611111	-0.13962634016	-0.639954059065	6.44802195876
9.75	0.827316	0.263919444444	0.271255833333	-0.157079632679	-0.213318019688	7.45966650667
9.8	0.8412075	0.267063611111	-0.133981728395	-0.157079632679	0.164836651577	7.09928833705
9.85	0.8549275	0.247722222222	-0.466098888889	-0.13962634016	0.513902501976	6.08010224298
9.9	0.866761	0.213288833333	-0.635153425926	-0.10471975512	0.802851455917	4.52007955355
9.95	0.876365	0.176073333333	-0.651377114197	-0.0523598775598	0.964779225408	2.98591359377
10	0.8827105	0.14749	-0.61653191358	0	1.02780500395	1.95110572553
