0.05	0.74088	1.67746055556	-1.12913694444	-0.10471975512	-1.70654415751	3.90221145106
0.1	0.8250865	1.64435152778	-1.8553600463	-0.191986217719	-1.58049260042	5.94758650348
0.15	0.9104935	1.54447183333	-3.01184171296	-0.279252680319	-1.25663706144	8.90764336759
0.2	0.9838955	1.35818472222	-4.46732621914	-0.331612557879	-0.678739153553	11.57304125
0.25	1.0483795	1.10036305556	-6.09296625	-0.349065850399	-0.00969627362219	12.5986915264
0.3	1.0977715	0.748692777778	-7.63885348765	-0.331612557879	0.649650332687	12.0535454761
0.35	1.1265835	0.320228611111	-8.72866188272	-0.279252680319	1.21203420277	10.8759869129
0.4	1.132586	-0.164830555556	-8.89698595679	-0.209439510239	1.73563297837	9.40538541353
0.45	1.108233	-0.615208611111	-8.03424567901	-0.10471975512	2.20105411224	6.77661789818
0.5	1.067416	-0.984981666667	-6.65986373457	0.0174532925199	2.4919423209	2.52103114177
0.55	1.0079055	-1.29425333333	-4.92808425926	0.157079632679	2.4919423209	-2.52103114177
0.6	0.93296	-1.48814361111	-2.94265416667	0.279252680319	2.20105411224	-6.7712310795
0.65	0.855442	-1.58618444444	-0.921177314815	0.383972435439	1.73563297837	-9.36229086409
0.7	0.771407	-1.59399722222	1.36453657407	0.453785605519	1.21203420277	-10.6605141657
0.75	0.689773	-1.45755944444	3.75283287037	0.506145483078	0.659346606309	-11.4523765115
0.8	0.6206585	-1.2005	5.75901234568	0.523598775598	0.0387850944888	-11.6085942532
0.85	0.566636	-0.858643333333	7.23142453704	0.506145483078	-0.523598775598	-11.2153564897
0.9	0.5325075	-0.457142777778	8.16519969136	0.471238898038	-1.07628637206	-10.638966891
0.95	0.5194735	-0.0207705555556	8.53455987654	0.401425727959	-1.64836651577	-8.74819353469
1	0.5301065	0.421985277778	8.26254182099	0.296705972839	-2.01682491342	-5.51610232729
1.05	0.5630345	0.831489166667	7.34342885802	0.191986217719	-2.20105411224	-2.11701974084
1.1	0.615685	1.17915777778	5.84942037037	0.0698131700798	-2.21075038586	0.969627362219
1.15	0.684628	1.43469277778	3.89543194444	-0.0349065850399	-2.07500255515	3.47988486663
1.2	0.763518	1.58008666667	1.64862314815	-0.13962634016	-1.86168453546	5.93088736557
1.25	0.8473815	1.60504944444	-0.733850617284	-0.226892802759	-1.50292241144	8.67277807318
1.3	0.9290155	1.50472194444	-3.06307469136	-0.296705972839	-0.989019909463	11.193809215
1.35	1.0024175	1.28910833333	-5.1493404321	-0.331612557879	-0.339369576777	12.7075052637
1.4	1.061928	0.9732625	-6.82257700617	-0.331612557879	0.339369576777	12.8852702802
1.45	1.1025735	0.585100833333	-7.94992484568	-0.296705972839	0.998716183086	11.8510010938
1.5	1.1221245	0.154254722222	-8.46400138889	-0.226892802759	1.55140377955	9.98716183086
1.55	1.118523	-0.28812	-8.31192746914	-0.13962634016	2.02652118704	7.34223385947
1.6	1.092112	-0.702387777778	-7.5290087963	-0.0174532925199	2.33680194295	3.58223442153
1.65	1.0459785	-1.06015583333	-6.24132962963	0.10471975512	2.39497958468	-0.517134593184
1.7	0.9832095	-1.34265444444	-4.53072299383	0.226892802759	2.29801684846	-4.80504226166
1.75	0.907921	-1.528065	-2.46007222222	0.349065850399	1.89077335633	-8.52194715017
1.8	0.8257725	-1.59790361111	-0.166630246914	0.418879020479	1.37687085435	-10.7520900833
1.85	0.743281	-1.54569138889	2.15756527778	0.488692190558	0.79509443702	-12.1580497585
1.9	0.6666205	-1.37666861111	4.34064382716	0.506145483078	0.0872664625997	-11.9371901927
1.95	0.601279	-1.09941027778	6.21036435185	0.488692190558	-0.465421133865	-10.4073336878
2	0.553259	-0.736116111111	7.59512098765	0.453785605519	-0.911449720486	-9.37845132013
2.05	0.525476	-0.316798611111	8.39873611111	0.401425727959	-1.38656712797	-8.49501305677
2.1	0.5205025	0.129101388889	8.56674259259	0.314159265359	-1.82289944097	-6.48572968951
2.15	0.538853	0.564711388889	8.10517469136	0.209439510239	-2.06530628153	-3.72767852586
2.2	0.5784695	0.961733888889	7.07268117284	0.10471975512	-2.20105411224	-0.673352334874
2.25	0.637637	1.29358638889	5.48053657407	-0.0174532925199	-2.16226901775	2.89272163062
2.3	0.7115535	1.52835083333	3.41067978395	-0.12217304764	-1.89077335633	6.0009160084
2.35	0.794388	1.65640416667	0.892858641975	-0.209439510239	-1.52231495868	8.2579930349
2.4	0.884597	1.61943638889	-1.68276435185	-0.279252680319	-1.03750127757	9.82555727049
2.45	0.960743	1.4654675	-3.85943811728	-0.314159265359	-0.513902501976	10.7413164459
2.5	1.0332875	1.23346611111	-5.92458395062	-0.331612557879	0.0387850944888	11.4200555995
2.55	1.0902255	0.867694722222	-7.71480046296	-0.314159265359	0.659346606309	11.37696105
2.6	1.123668	0.421223055556	-8.61819259259	-0.261799387799	1.21203420277	10.4665886933
2.65	1.1320715	-0.0332519444444	-8.62390925926	-0.191986217719	1.72593670475	8.85592990827
2.7	1.1190375	-0.460858611111	-8.04827268519	-0.0872664625997	2.16226901775	5.80699053596
2.75	1.0850805	-0.855785	-7.00085231481	0.0349065850399	2.35619449019	1.70223470256
2.8	1.0305435	-1.18039638889	-5.51330154321	0.157079632679	2.33680194295	-2.55335205384
2.85	0.9629725	-1.41154027778	-3.83826527778	0.279252680319	2.06530628153	-6.10865238198
2.9	0.886998	-1.56960611111	-1.95901697531	0.366519142919	1.68715161026	-8.72125944129
2.95	0.8024485	-1.62915472222	0.361155709877	0.453785605519	1.17324910829	-10.638966891
3	0.7180705	-1.54673944444	2.92471018519	0.488692190558	0.562383870087	-11.226130127
3.05	0.6419245	-1.32445638889	5.22789166667	0.506145483078	0.00969627362219	-10.8975341876
3.1	0.5815565	-0.997367777778	6.93945108025	0.488692190558	-0.523598775598	-10.4127205065
3.15	0.539882	-0.606061944444	8.03800385802	0.453785605519	-1.03750127757	-9.67472634747
3.2	0.519302	-0.173024444444	8.57621743827	0.383972435439	-1.52231495868	-8.22567212283
3.25	0.5218745	0.275162222222	8.50825262346	0.296705972839	-1.89077335633	-6.0009160084
3.3	0.5475995	0.703721666667	7.79838024691	0.191986217719	-2.16226901775	-2.93042936137
3.35	0.594419	1.07844916667	6.49418626543	0.0698131700798	-2.20105411224	0.495587318468
3.4	0.65856	1.37323861111	4.67972685185	-0.0349065850399	-2.07500255515	3.29134621287
3.45	0.7359065	1.56265083333	2.46721805556	-0.13962634016	-1.86168453546	5.85547190407
3.5	0.81977	1.6283925	0.0474271604938	-0.226892802759	-1.50292241144	8.47885260074
3.55	0.903805	1.56684305556	-2.36214783951	-0.296705972839	-0.998716183086	10.6766746218
3.6	0.981323	1.3831475	-4.55512469136	-0.331612557879	-0.378154671265	11.6732360774
3.65	1.04615	1.09636138889	-6.37667700617	-0.331612557879	0.203621746066	11.7378779015
3.7	1.09417	0.727445833333	-7.72686898148	-0.314159265359	0.824183257886	11.0537519293
3.75	1.121267	0.300601388889	-8.48522716049	-0.244346095279	1.34778203348	9.50234814975
3.8	1.1252115	-0.149586111111	-8.54541095679	-0.174532925199	1.76472179924	7.85398163397
3.85	1.105489	-0.581480277778	-7.92658179012	-0.0698131700798	2.17196529137	5.26292184938
3.9	1.065015	-0.963448888889	-6.75604135802	0.0523598775598	2.35619449019	1.36286512579
3.95	1.006362	-1.27395916667	-5.14171820988	0.174532925199	2.32710566933	-2.91965572402
4	0.933989	-1.49195472222	-3.1642808642	0.296705972839	2.03621746066	-6.6419474312
4.05	0.8528695	-1.60085722222	-0.928376080247	0.383972435439	1.59018887404	-8.90979809506
4.1	0.7691775	-1.58999555556	1.42593780864	0.453785605519	1.1344640138	-10.6605141657
4.15	0.6889155	-1.45546333333	3.70355308642	0.506145483078	0.513902501976	-11.9048692806
4.2	0.619115	-1.20764583333	5.68893024691	0.506145483078	-0.126051557088	-11.7432647202
4.25	0.564578	-0.868742777778	7.23047175926	0.488692190558	-0.688435427176	-10.8544396382
4.3	0.529592	-0.46305	8.22850648148	0.436332312999	-1.21203420277	-9.6693395288
4.35	0.516901	-0.0221044444444	8.62533842593	0.366519142919	-1.68715161026	-7.74624526039
4.4	0.527191	0.423414444444	8.4121279321	0.261799387799	-2.02652118704	-4.96664682203
4.45	0.5602905	0.8429225	7.58638719136	0.157079632679	-2.20105411224	-1.74532925199
4.5	0.6137985	1.2047875	6.15160972222	0.0349065850399	-2.20105411224	1.4867619554
4.55	0.683599	1.4843325	4.09953811728	-0.0698131700798	-2.03621746066	4.33638903659
4.6	0.767291	1.64077861111	1.51957469136	-0.174532925199	-1.73563297837	6.59885288177
4.65	0.855442	1.62601055556	-0.934992592593	-0.244346095279	-1.36717458073	8.61890988639
4.7	0.9321025	1.52939888889	-3.06529783951	-0.314159265359	-0.911449720486	11.0106573799
4.75	1.012193	1.32922027778	-5.25091712963	-0.349065850399	-0.213318019688	12.249625676
4.8	1.071532	0.989555	-7.05473719136	-0.331612557879	0.426636039376	11.3985083248
4.85	1.113035	0.591579722222	-8.15567191358	-0.296705972839	0.911449720486	10.504296424
4.9	1.132243	0.151015277778	-8.6436529321	-0.244346095279	1.43504849608	9.96561455614
4.95	1.1286415	-0.298600555556	-8.46595987654	-0.157079632679	1.98773609255	7.82704754058
5	1.1012015	-0.720490555556	-7.66022746914	-0.0349065850399	2.3174093957	3.73306534454
5.05	1.0545535	-1.08759583333	-6.29119166667	0.0872664625997	2.36589076381	-0.635644604121
5.1	0.988869	-1.36809361111	-4.48303117284	0.209439510239	2.21075038586	-4.22326584433
5.15	0.913066	-1.53854555556	-2.51946203704	0.314159265359	1.90046962995	-6.87896745308
5.2	0.8322895	-1.62486722222	-0.394344135802	0.401425727959	1.51261868506	-9.14143129825
5.25	0.7461965	-1.59637916667	2.06048780864	0.471238898038	0.989019909463	-11.1884223963
5.3	0.666106	-1.41820972222	4.47064506173	0.506145483078	0.349065850399	-12.1957574892
5.35	0.599907	-1.12656444444	6.39657947531	0.506145483078	-0.300584482288	-11.7055569895
5.4	0.550515	-0.755076388889	7.74677145062	0.471238898038	-0.853272078753	-10.3750127757
5.45	0.5222175	-0.329089444444	8.49909537037	0.418879020479	-1.34778203348	-8.67277807318
5.5	0.5167295	0.118906666667	8.63465447531	0.331612557879	-1.72593670475	-6.7442969861
5.55	0.534394	0.559185277778	8.14307407407	0.244346095279	-2.03621746066	-4.45489904753
5.6	0.5743535	0.957065277778	7.04605632716	0.12217304764	-2.20105411224	-1.54601696087
5.65	0.632835	1.28491611111	5.40992515432	0.0174532925199	-2.20105411224	1.59449832898
5.7	0.70658	1.51701277778	3.31212021605	-0.10471975512	-2.03621746066	4.67575861337
5.75	0.7894145	1.62791611111	0.934939660494	-0.191986217719	-1.71624043113	7.39610204626
5.8	0.8744785	1.61105194444	-1.45801466049	-0.279252680319	-1.29930066537	9.93329364407
5.85	0.9554265	1.47204166667	-3.62351975309	-0.331612557879	-0.688435427176	11.5762733412
5.9	1.0257415	1.2322275	-5.44337824074	-0.349065850399	-0.0581776417331	11.6355283466
5.95	1.081136	0.917715555556	-7.01609675926	-0.331612557879	0.494509954732	11.2045828523
6	1.1197235	0.534698888889	-8.46246635802	-0.296705972839	0.998716183086	11.4739237863
6.05	1.1403035	0.0478294444444	-9.28132592593	-0.244346095279	1.68715161026	10.5797118855
6.1	1.1258975	-0.467528055556	-8.64550555556	-0.12217304764	2.2301429331	6.47495605215
6.15	1.084909	-0.832156111111	-7.46337299383	0	2.36589076381	1.57295105427
6.2	1.0449495	-1.20450166667	-6.19347901235	0.12217304764	2.28832057484	-1.77226334539
6.25	0.962458	-1.50672277778	-3.8973375	0.226892802759	2.17196529137	-4.60572997054
6.3	0.883911	-1.60295333333	-1.3807337963	0.349065850399	1.85198826184	-7.60080115606
6.35	0.800219	-1.62305694444	0.831298611111	0.418879020479	1.37687085435	-9.85249136388
6.4	0.717213	-1.52396805556	3.04804197531	0.488692190558	0.833879531508	-11.3392533193
6.45	0.6429535	-1.31207027778	5.06459614198	0.506145483078	0.203621746066	-11.8510010938
6.5	0.5822425	-1.00298916667	6.73862669753	0.506145483078	-0.378154671265	-11.5547260664
6.55	0.5397105	-0.619019722222	7.92880493827	0.471238898038	-0.989019909463	-10.3588523197
6.6	0.5184445	-0.187601944444	8.55308611111	0.401425727959	-1.47383359057	-7.99403891963
6.65	0.520331	0.259917777778	8.57875817901	0.314159265359	-1.76472179924	-5.88779281614
6.7	0.545027	0.693431666667	8.0004220679	0.226892802759	-2.04591373428	-3.93776445435
6.75	0.591332	1.08378472222	6.79081774691	0.10471975512	-2.20105411224	-1.1797132907
6.8	0.6559875	1.40105972222	4.90341790123	0	-2.19135783862	2.10085928481
6.85	0.7362495	1.6009525	2.43381790123	-0.12217304764	-1.99743236617	5.4622341405
6.9	0.822857	1.64411333333	-0.0842149691358	-0.209439510239	-1.59018887404	7.74624526039
6.95	0.904491	1.579515	-2.33938703704	-0.279252680319	-1.18294538191	9.18452584769
7	0.985439	1.39963055556	-4.30703194444	-0.331612557879	-0.678739153553	10.5689382482
7.05	1.048208	1.12942277778	-5.86053611111	-0.349065850399	-0.126051557088	11.7755856323
7.1	1.100001	0.805097222222	-7.22946604938	-0.349065850399	0.523598775598	12.3465884123
7.15	1.1306995	0.416173333333	-8.62269182099	-0.296705972839	1.17324910829	11.4685369676
7.2	1.1461345	-0.0640266666667	-9.62242037037	-0.226892802759	1.71624043113	9.40538541353
7.25	1.129156	-0.623307222222	-9.01036651235	-0.12217304764	2.16226901775	6.18406784349
7.3	1.0765055	-1.04090972222	-6.85073688272	0	2.36589076381	2.25169020782
7.35	1.017338	-1.29758805556	-4.68353796296	0.12217304764	2.37558703744	-1.55140377955
7.4	0.9447935	-1.48033083333	-2.94625354938	0.244346095279	2.20105411224	-5.14441183844
7.45	0.867447	-1.59771305556	-1.13999861111	0.349065850399	1.85198826184	-8.39805032055
7.5	0.781011	-1.6163875	1.0633529321	0.436332312999	1.33808575986	-10.9621760118
7.55	0.700063	-1.49900527778	3.42756512346	0.488692190558	0.698131700798	-12.1903706706
7.6	0.6264895	-1.26414555556	5.58031358025	0.506145483078	0.048481368111	-11.8940956432
7.65	0.5692085	-0.920478611111	7.24370478395	0.488692190558	-0.513902501976	-10.924468281
7.7	0.531993	-0.512594444444	8.25211419753	0.453785605519	-1.03750127757	-9.86326500124
7.75	0.5167295	-0.0712677777778	8.64095339506	0.383972435439	-1.52231495868	-8.26876667226
7.8	0.5246185	0.375108611111	8.41599197531	0.296705972839	-1.89077335633	-6.04401055783
7.85	0.555317	0.794140277778	7.58712824074	0.191986217719	-2.16226901775	-3.11358119646
7.9	0.6062525	1.15638638889	6.19025015432	0.0698131700798	-2.21075038586	0.021547274716
7.95	0.674338	1.43269194444	4.30994320988	-0.0349065850399	-2.11378764964	2.47793659234
8	0.753914	1.60085722222	2.07684382716	-0.13962634016	-1.98773609255	5.3598845856
8.05	0.8391495	1.64697166667	-0.343899845679	-0.244346095279	-1.62897396853	8.93134536977
8.1	0.923013	1.57427472222	-2.87511280864	-0.314159265359	-1.03750127757	11.3123192259
8.15	1.003275	1.35027666667	-5.1620441358	-0.349065850399	-0.39754721851	11.7109438081
8.2	1.0620995	1.023855	-6.7442904321	-0.349065850399	0.164836651577	11.2907719512
8.25	1.1063465	0.658750555556	-7.85644675926	-0.331612557879	0.70782797442	11.075299204
8.3	1.1310425	0.227618611111	-8.58135185185	-0.279252680319	1.26051557088	10.8113450887
8.35	1.1303565	-0.229047777778	-8.60326574074	-0.209439510239	1.85198826184	9.16297857297
8.4	1.1070325	-0.663228611111	-7.88836481481	-0.0872664625997	2.28832057484	5.28446912409
8.45	1.0620995	-1.04472083333	-6.52202854938	0.0349065850399	2.39497958468	0.915759175429
8.5	0.9986445	-1.33398416667	-4.70942175926	0.157079632679	2.34649821657	-2.88194799326
8.55	0.924042	-1.51444027778	-2.80275462963	0.279252680319	2.07500255515	-6.0009160084
8.6	0.8449805	-1.61905527778	-0.732156790123	0.366519142919	1.71624043113	-8.42498441395
8.65	0.7578585	-1.61105194444	1.7534816358	0.453785605519	1.26051557088	-11.0052705612
8.7	0.676739	-1.44355361111	4.20863117284	0.506145483078	0.562383870087	-12.3896829617
8.75	0.609168	-1.16438972222	6.13678873457	0.506145483078	-0.0872664625997	-11.6947833521
8.8	0.5575465	-0.807383888889	7.51265277778	0.488692190558	-0.591472690954	-10.8867605502
8.85	0.526162	-0.393878333333	8.36327160494	0.453785605519	-1.17324910829	-9.8740386386
8.9	0.516901	0.0501161111111	8.66720771605	0.366519142919	-1.64836651577	-7.5900275187
8.95	0.5311355	0.496111388889	8.37137021605	0.279252680319	-1.92955845082	-5.1551854758
9	0.567665	0.911331944444	7.44691111111	0.174532925199	-2.17196529137	-2.45638931762
9.05	0.62426	1.27052916667	5.81628487654	0.0523598775598	-2.20105411224	0.6410314228
9.1	0.699377	1.5169175	3.64029922839	-0.0523598775598	-2.07500255515	3.15128892721
9.15	0.781011	1.6403975	1.30668179012	-0.157079632679	-1.87138080908	5.41913959107
9.2	0.868819	1.63630055556	-0.873750154321	-0.244346095279	-1.54170750593	7.81627390322
9.25	0.947366	1.54492916667	-2.93302052469	-0.314159265359	-1.11507146655	10.5204568801
9.3	1.0260845	1.36571166667	-5.31845848765	-0.366519142919	-0.475117407487	12.7236657198
9.35	1.0922835	1.01061138889	-7.53467253086	-0.366519142919	0.261799387799	12.8852702802
9.4	1.1310425	0.562138888889	-8.71722854938	-0.331612557879	0.862968352375	11.8348406378
9.45	1.148364	0.0985172222222	-8.96140432099	-0.279252680319	1.42535222246	10.6659009844
9.5	1.1403035	-0.354719166667	-8.58061080247	-0.191986217719	1.98773609255	8.2310589415
9.55	1.1118345	-0.775942222222	-7.70670185185	-0.0698131700798	2.32710566933	4.25019993773
9.6	1.0614135	-1.15343277778	-6.20570632716	0.0523598775598	2.4046758583	0.188538653765
9.65	0.9914415	-1.41763805556	-4.23324459877	0.174532925199	2.33680194295	-3.69535761379
9.7	0.915124	-1.57303611111	-2.22838842593	0.296705972839	2.02652118704	-7.1806292991
9.75	0.8312605	-1.64154083333	-0.158933919753	0.383972435439	1.56110005317	-9.41292695968
9.8	0.7468825	-1.60133361111	2.06846467593	0.453785605519	1.03750127757	-10.459585829
9.85	0.6655915	-1.42821388889	4.02067458333	0.488692190558	0.48481368111	-10.4779010125
9.9	0.5983635	-1.15310883333	4.96548078704	0.506145483078	-0.0814486984264	-9.0870244296
9.95	0.5503435	-0.874125972222	4.85974362654	0.471238898038	-0.479965544298	-6.68989011744
10	0.523761	-0.672089444444	4.46390151235	0.436332312999	-0.639954059065	-4.71131161665
