0.033333	0.920269	0.00914675813425	0.724887831017	0	0	0
0.066666	0.9200975	0.0302986363197	0.826860912136	0	0	0
0.099999	0.921298	0.0620836208362	0.911540730723	0	0	0
0.133332	0.9242135	0.0948976156428	0.89019808165	0	0	0
0.166665	0.927815	0.124338743387	0.768764125206	0	0	0
0.199998	0.932617	0.148206065394	0.565437280911	0	0	0
0.233331	0.9379335	0.163355383554	0.313112859448	0	0	0
0.266664	0.9437645	0.169215025484	0.048235339702	0	0	0
0.299997	0.949424	0.166499581662	-0.21795227569	0	0	0
0.33333	0.9550835	0.155066133995	-0.489142074459	0	0	0
0.366663	0.960057	0.133342583426	-0.737107450409	0	0	0
0.399996	0.964173	0.104044373777	-0.924570227423	0	0	0
0.433329	0.9670885	0.070315703157	-1.05915278017	0	0	0
0.466662	0.968975	0.0324424077574	-1.14823928412	0	0	0
0.499995	0.969318	-0.00786049527162	-1.17194010535	0	0	0
0.533328	0.9684605	-0.047877562109	-1.11703518781	0	0	0
0.566661	0.9660595	-0.0851791851252	-0.973758363959	0	0	0
0.599994	0.962458	-0.11290529572	-0.812973898286	0	0	0
0.633327	0.9585135	-0.138201798685	-0.667076883138	0	0	0
0.66666	0.953197	-0.159782431158	-0.448171810614	0	0	0
0.699993	0.9475375	-0.170501288346	-0.157092377943	0	0	0
0.733326	0.941535	-0.170501288346	0.148755405649	0	0	0
0.766659	0.9358755	-0.159496594966	0.425423786211	0	0	0
0.799992	0.9307305	-0.141060160602	0.663980293428	0	0	0
0.833325	0.9262715	-0.114906149061	0.878716879805	0	0	0
0.866658	0.9228415	-0.0810345603456	1.0402159431	0	0	0
0.899991	0.9207835	-0.0434471011377	1.13096984151	0	0	0
0.933324	0.919926	-0.00443046097128	1.16955811327	0	0	0
0.966657	0.9204405	0.0357295239619	1.15574255918	0	0	0
0.99999	0.922327	0.0747461641283	1.06951444574	0	0	0
1.033323	0.9255855	0.108617752844	0.922307334943	0	0	0
1.066656	0.9297015	0.137058453918	0.731986167428	0	0	0
1.099989	0.9348465	0.159496594966	0.474016424726	0	0	0
1.133322	0.9406775	0.170215452155	0.169359637176	0	0	0
1.166655	0.9465085	0.169786697867	-0.113025524388	0	0	0
1.199988	0.952168	0.161640366404	-0.365278486089	0	0	0
1.233321	0.9574845	0.145490621573	-0.608718077078	0	0	0
1.266654	0.962115	0.120622872895	-0.830362440499	0	0	0
1.299987	0.9657165	0.0886092194255	-0.999960276883	0	0	0
1.33332	0.9681175	0.0524509411761	-1.11131840681	0	0	0
1.366653	0.969318	0.0128626286263	-1.1591964477	0	0	0
1.399986	0.968975	-0.0268686020194	-1.1365675229	0	0	0
1.433319	0.9674315	-0.0638843888439	-1.06903804732	0	0	0
1.466652	0.9646875	-0.0990422404224	-0.955774323724	0	0	0
1.499985	0.960743	-0.130055467221	-0.75925997679	0	0	0
1.533318	0.9557695	-0.152064853982	-0.487951078417	0	0	0
1.566651	0.9502815	-0.162926629266	-0.203064825165	0	0	0
1.599984	0.944622	-0.163641219746	0.0320377935304	0	0	0
1.633317	0.9393055	-0.159782431158	0.238675606822	0	0	0
1.66665	0.9338175	-0.149349410161	0.48151969979	0	0	0
1.699983	0.9290155	-0.128054613879	0.730080573761	0	0	0
1.733316	0.925071	-0.0988993223266	0.927905016341	0	0	0
1.766649	0.922327	-0.0648848155148	1.07475482832	0	0	0
1.799982	0.920612	-0.026296929636	1.17182100575	0	0	0
1.833315	0.9204405	0.0160068267349	1.17551309348	0	0	0
1.866648	0.9218125	0.0547376307096	1.08868948201	0	0	0
1.899981	0.9242135	0.0891808918089	0.964230395623	0	0	0
1.933314	0.927815	0.120194118608	0.794513459634	0	0	0
1.966647	0.9324455	0.143489768231	0.581682466924	0	0	0
1.99998	0.9375905	0.159210758774	0.352177529626	0	0	0
2.033313	0.94325	0.167214172142	0.10456945249	0	0	0
2.066646	0.9489095	0.167500008333	-0.181507796804	0	0	0
2.099979	0.9547405	0.156352396857	-0.496168951107	0	0	0
2.133312	0.959714	0.132485074851	-0.75330499658	0	0	0
2.166645	0.9636585	0.10361561949	-0.929453311196	0	0	0
2.199978	0.9667455	0.0697440307736	-1.06213027028	0	0	0
2.233311	0.9684605	0.0311561448948	-1.13275633557	0	0	0
2.266644	0.9688035	-0.00757465907992	-1.1391877142	0	0	0
2.299977	0.967946	-0.0458767087671	-1.0969073547	0	0	0
2.33331	0.9657165	-0.0824637413041	-0.990908706964	0	0	0
2.366643	0.9622865	-0.113476968103	-0.829409643665	0	0	0
2.399976	0.957999	-0.138630552972	-0.629917806626	0	0	0
2.433309	0.952854	-0.156352396857	-0.394934287535	0	0	0
2.466642	0.947366	-0.165927909279	-0.124816385204	0	0	0
2.499975	0.941535	-0.165499154992	0.169359637176	0	0	0
2.533308	0.936047	-0.154637379707	0.455555986074	0	0	0
2.566641	0.930902	-0.132913829138	0.67422285939	0	0	0
2.599974	0.927129	-0.107331489982	0.819762575725	0	0	0
2.633307	0.923699	-0.078747870812	0.962324801955	0	0	0
2.66664	0.921641	-0.0428754287543	1.08309180062	0	0	0
2.699973	0.9207835	-0.00457337906712	1.13763941934	0	0	0
2.733306	0.921298	0.0350149334827	1.11810708425	0	0	0
2.766639	0.9231845	0.0721736384031	1.02068360801	0	0	0
2.799972	0.9262715	0.104044373777	0.878359580993	0	0	0
2.833305	0.930216	0.13148464818	0.698519178647	0	0	0
2.866638	0.9351895	0.152493608269	0.458295276971	0	0	0
2.899971	0.9406775	0.163212465458	0.180554999971	0	0	0
2.933304	0.946337	0.164069974033	-0.0877764082972	0	0	0
2.966637	0.951825	0.156495314953	-0.327881210369	0	0	0
2.99997	0.95697	0.141488914889	-0.542975095559	0	0	0
3.033303	0.961429	0.119622446224	-0.73770294843	0	0	0
3.066636	0.9650305	0.0930396803968	-0.941363271616	0	0	0
3.099969	0.967946	0.0565955659557	-1.12096547475	0	0	0
3.133302	0.968975	0.0145776457765	-1.18480286261	0	0	0
3.166635	0.9688035	-0.0251535848692	-1.15181227224	0	0	0
3.199968	0.96726	-0.0631697983647	-1.06772795167	0	0	0
3.233301	0.964516	-0.0977559775598	-0.9295724108	0	0	0
3.266634	0.9605715	-0.126339596729	-0.74508712389	0	0	0
3.299967	0.955941	-0.148491901586	-0.519869772343	0	0	0
3.3333	0.950453	-0.162354956883	-0.252252961701	0	0	0
3.366633	0.9447935	-0.165070400704	0.0148874505253	0	0	0
3.399966	0.9393055	-0.160925775924	0.27095159956	0	0	0
3.433299	0.9338175	-0.147491474915	0.53225613118	0	0	0
3.466632	0.929187	-0.124338743387	0.758068980748	0	0	0
3.499965	0.925414	-0.0956122061221	0.937909383094	0	0	0
3.533298	0.92267	-0.0613118631186	1.0824963026	0	0	0
3.566631	0.9211265	-0.0211518781854	1.14538089361	0	0	0
3.599964	0.921298	0.0182935162685	1.10548252621	0	0	0
3.633297	0.9224985	0.053451367847	1.02270830129	0	0	0
3.66663	0.9248995	0.0864654479878	0.923021932569	0	0	0
3.699963	0.9283295	0.116192411924	0.778911411484	0	0	0
3.733296	0.9327885	0.140345570122	0.571320801359	0	0	0
3.766629	0.9379335	0.155637806378	0.316924046783	0	0	0
3.799962	0.9434215	0.161497448308	0.0547858179331	0	0	0
3.833295	0.9489095	0.158924922583	-0.198300840997	0	0	0
3.866628	0.954226	0.148206065394	-0.445075220904	0	0	0
3.899961	0.959028	0.128769204359	-0.67338916216	0	0	0
3.933294	0.9629725	0.102615192819	-0.871690003157	0	0	0
3.966627	0.9660595	0.0696011126778	-1.02151730524	0	0	0
3.99996	0.9677745	0.0317278172782	-1.07999521091	0	0	0
4.033293	0.9681175	-0.00514505145051	-1.05474609482	0	0	0
4.066626	0.96726	-0.0378732953996	-1.03116437318	0	0	0
4.099959	0.9657165	-0.0730311469781	-1.01127473928	0	0	0
4.133292	0.962458	-0.10876067094	-0.885981955662	0	0	0
4.166625	0.9581705	-0.135343436768	-0.657548914801	0	0	0
4.199958	0.953197	-0.153208198749	-0.394815187931	0	0	0
4.233291	0.947709	-0.161497448308	-0.129342170164	0	0	0
4.266624	0.942221	-0.161497448308	0.126483779663	0	0	0
4.299957	0.936733	-0.153208198749	0.382786127907	0	0	0
4.33329	0.9317595	-0.135772191055	0.626940316521	0	0	0
4.366623	0.927472	-0.11047568809	0.835960121897	0	0	0
4.399956	0.9242135	-0.0784620346203	0.988645814484	0	0	0
4.433289	0.9221555	-0.0428754287543	1.07928061328	0	0	0
4.466622	0.921298	-0.00514505145051	1.11715428742	0	0	0
4.499955	0.9218125	0.032871162045	1.10357693254	0	0	0
4.533288	0.9235275	0.0694581945819	1.04081144112	0	0	0
4.566621	0.926443	0.10461604616	0.896105422019	0	0	0
4.599954	0.9307305	0.131913402467	0.66517128947	0	0	0
4.633287	0.9355325	0.149206492065	0.414704821833	0	0	0
4.66662	0.940849	0.159067840678	0.170788832426	0	0	0
4.699953	0.946337	0.160925775924	-0.0801540336282	0	0	0
4.733286	0.951825	0.153779871132	-0.330382302057	0	0	0
4.766619	0.9567985	0.138487634876	-0.566318617982	0	0	0
4.799952	0.9612575	0.115477821445	-0.778673212275	0	0	0
4.833285	0.9646875	0.0854650213169	-0.94743735143	0	0	0
4.866618	0.9670885	0.0505930059301	-1.05498429402	0	0	0
4.899951	0.9681175	0.0132913829138	-1.09702645431	0	0	0
4.933284	0.967946	-0.0235814858149	-1.09142877291	0	0	0
4.966617	0.966574	-0.0607401907352	-1.03056887516	0	0	0
4.99995	0.96383	-0.094754697547	-0.888006648933	0	0	0
5.033283	0.960057	-0.121909135758	-0.682798030892	0	0	0
5.066616	0.9554265	-0.139916815835	-0.476517516414	0	0	0
5.099949	0.9506245	-0.152779444461	-0.285600850877	0	0	0
5.133282	0.9451365	-0.160354103541	-0.0539521207037	0	0	0
5.166615	0.9396485	-0.157924495912	0.221525263816	0	0	0
5.199948	0.934332	-0.145490621573	0.496168951107	0	0	0
5.233281	0.9297015	-0.123624152908	0.73091427099	0	0	0
5.266614	0.9259285	-0.0953263699304	0.911826569774	0	0	0
5.299947	0.9231845	-0.0611689450228	1.03104527358	0	0	0
5.33328	0.9218125	-0.0250106667733	1.08976137845	0	0	0
5.366613	0.9214695	0.0127197105304	1.09702645431	0	0	0
5.399946	0.92267	0.0498784154508	1.04104964033	0	0	0
5.433279	0.9248995	0.083464167975	0.934455494572	0	0	0
5.466612	0.9283295	0.113191131911	0.787367483382	0	0	0
5.499945	0.932617	0.136772617726	0.604311391723	0	0	0
5.533278	0.9375905	0.154351543515	0.381952430677	0	0	0
5.566611	0.9430785	0.164355810225	0.0944459861325	0	0	0
5.599944	0.9489095	0.161926202595	-0.227242044818	0	0	0
5.633277	0.954226	0.147348556819	-0.49652624992	0	0	0
5.66661	0.9588565	0.126625432921	-0.696018086959	0	0	0
5.699943	0.962801	0.100328503285	-0.860494640362	0	0	0
5.733276	0.9657165	0.0683148498152	-0.985430125171	0	0	0
5.766609	0.9674315	0.0331569982366	-1.0598673778	0	0	0
5.799942	0.967946	-0.00328711620449	-1.09238156974	0	0	0
5.833275	0.96726	-0.0408745754124	-1.07296833426	0	0	0
5.866608	0.965202	-0.0771757717577	-0.97352016475	0	0	0
5.899941	0.9619435	-0.107760244269	-0.804517826387	0	0	0
5.933274	0.9578275	-0.13148464818	-0.600023805972	0	0	0
5.966607	0.9530255	-0.148491901586	-0.366112183318	0	0	0
5.99994	0.947709	-0.157066987337	-0.101830161593	0	0	0
6.033273	0.942221	-0.154637379707	0.14482511871	0	0	0
6.066606	0.9372475	-0.145633539669	0.345746151	0	0	0
6.099939	0.9324455	-0.132199238659	0.557028848855	0	0	0
6.133272	0.928158	-0.109475261419	0.78474729209	0	0	0
6.166605	0.9248995	-0.0783191165245	0.96161020433	0	0	0
6.199938	0.9228415	-0.0430183468501	1.06046287582	0	0	0
6.233271	0.921984	-0.0057167238339	1.08892768122	0	0	0
6.266604	0.9224985	0.0307273906072	1.06665605524	0	0	0
6.299937	0.924042	0.0663139964733	1.00019847609	0	0	0
6.33327	0.9269575	0.0996139128058	0.859065445112	0	0	0
6.366603	0.930902	0.125482088154	0.654214125884	0	0	0
6.399936	0.9355325	0.143632686327	0.427805778295	0	0	0
6.433269	0.9406775	0.153922789228	0.199849135852	0	0	0
6.466602	0.945994	0.156781151145	-0.0265592117371	0	0	0
6.499935	0.9513105	0.152207772078	-0.25987533637	0	0	0
6.533268	0.956284	0.140917242506	-0.529040441867	0	0	0
6.566601	0.961086	0.117192838595	-0.795585356072	0	0	0
6.599934	0.9643445	0.0847504308376	-0.966731487311	0	0	0
6.633267	0.9667455	0.0503071697384	-1.05284050115	0	0	0
6.6666	0.9677745	0.0132913829138	-1.08332999983	0	0	0
6.699933	0.967603	-0.0230098134315	-1.06784705128	0	0	0
6.733266	0.966231	-0.0587393373934	-1.01258483493	0	0	0
6.766599	0.9636585	-0.0924680080134	-0.890269541413	0	0	0
6.799932	0.9598855	-0.120051200512	-0.703044963607	0	0	0
6.833265	0.9554265	-0.139630979643	-0.494025158232	0	0	0
6.866598	0.950453	-0.153351116845	-0.26725951183	0	0	0
6.899931	0.944965	-0.158353250199	-0.0127436576497	0	0	0
6.933264	0.9396485	-0.15420862542	0.246536180699	0	0	0
6.966597	0.9345035	-0.142203505368	0.510222704403	0	0	0
6.99993	0.929873	-0.119908282416	0.753185896976	0	0	0
7.033263	0.9262715	-0.0894667280006	0.91456586067	0	0	0
7.066596	0.9238705	-0.0564526478598	0.993171599444	0	0	0
7.099929	0.9224985	-0.0224381410481	1.03116437318	0	0	0
7.133262	0.922327	0.0128626286263	1.03950134548	0	0	0
7.166595	0.923356	0.0480204802048	1.00496246026	0	0	0
7.199928	0.9255855	0.0811774784415	0.918615247213	0	0	0
7.233261	0.928844	0.110904442378	0.770455339585	0	0	0
7.266594	0.9331315	0.134628846288	0.55405135875	0	0	0
7.299927	0.938105	0.148634819682	0.307038779634	0	0	0
7.33326	0.94325	0.154494461611	0.0697923680626	0	0	0
7.366593	0.9485665	0.153351116845	-0.168525939946	0	0	0
7.399926	0.9537115	0.143489768231	-0.408988040831	0	0	0
7.433259	0.958342	0.12562500625	-0.630394205043	0	0	0
7.466592	0.9622865	0.100471421381	-0.815117691161	0	0	0
7.499925	0.965202	0.0694581945819	-0.941839670033	0	0	0
7.533258	0.966917	0.0368728687287	-1.03295086725	0	0	0
7.566591	0.9677745	0.000571672383392	-1.10333873333	0	0	0
7.599924	0.9670885	-0.0391595582622	-1.08999957766	0	0	0
7.633257	0.9650305	-0.07503200032	-0.978998746544	0	0	0
7.66659	0.9619435	-0.105759390927	-0.810591906202	0	0	0
7.699923	0.9578275	-0.130198385317	-0.599190108742	0	0	0
7.733256	0.9530255	-0.146205212052	-0.368017776985	0	0	0
7.766589	0.9478805	-0.154494461611	-0.136964544833	0	0	0
7.799922	0.942564	-0.155780724474	0.108023341012	0	0	0
7.833255	0.9372475	-0.147920229202	0.367184079756	0	0	0
7.866588	0.9324455	-0.130770057701	0.606812483411	0	0	0
7.899921	0.9283295	-0.106045227119	0.799158344198	0	0	0
7.933254	0.9252425	-0.0760324269909	0.940648673991	0	0	0
7.966587	0.9231845	-0.0424466744667	1.04200243717	0	0	0
7.99992	0.922327	-0.00585964192975	1.1023859365	0	0	0
8.033253	0.92267	0.03372867062	1.07249193584	0	0	0
8.066586	0.924728	0.0687436041027	0.944459861325	0	0	0
8.099919	0.927472	0.0968984689847	0.792607865967	0	0	0
8.133252	0.931245	0.12148038147	0.629798707022	0	0	0
8.166585	0.935704	0.140345570122	0.423994590961	0	0	0
8.199918	0.940849	0.150778591119	0.184961685326	0	0	0
8.233251	0.945994	0.152350690174	-0.0534757222869	0	0	0
8.266584	0.951139	0.147491474915	-0.297987209714	0	0	0
8.299917	0.9561125	0.132770911042	-0.542975095559	0	0	0
8.33325	0.9602285	0.109618179515	-0.737583848825	0	0	0
8.366583	0.963487	0.0824637413041	-0.889435844183	0	0	0
8.399916	0.965888	0.049735497355	-1.00662985472	0	0	0
8.433249	0.966917	0.0132913829138	-1.05081580788	0	0	0
8.466582	0.9667455	-0.0224381410481	-1.02235100247	0	0	0
8.499915	0.9653735	-0.0564526478598	-0.938504881115	0	0	0
8.533248	0.962801	-0.0850362670293	-0.838699412793	0	0	0
8.566581	0.959714	-0.112333623336	-0.724482892363	0	0	0
8.599914	0.955255	-0.136200945343	-0.525110154928	0	0	0
8.633247	0.9502815	-0.148920655873	-0.273095392436	0	0	0
8.66658	0.9451365	-0.153922789228	-0.0231053232153	0	0	0
8.699913	0.93982	-0.150635673023	0.231172331757	0	0	0
8.733246	0.9348465	-0.13834471678	0.474254623934	0	0	0
8.766579	0.9303875	-0.118193265266	0.687800214269	0	0	0
8.799912	0.926786	-0.0911817451508	0.85561155659	0	0	0
8.833245	0.9242135	-0.060025600256	0.978522348127	0	0	0
8.866578	0.92267	-0.0248677486775	1.05581799125	0	0	0
8.899911	0.9224985	0.012148038147	1.07022904336	0	0	0
8.933244	0.9235275	0.0480204802048	1.025804891	0	0	0
8.966577	0.925757	0.081606232729	0.930882506446	0	0	0
8.99991	0.9290155	0.11219070524	0.763309363333	0	0	0
9.033243	0.9334745	0.134628846288	0.527492147012	0	0	0
9.066576	0.9382765	0.147205638723	0.28452895444	0	0	0
9.099909	0.9434215	0.153351116844	0.0447814511801	0	0	0
9.133242	0.948738	0.150635673023	-0.201635629915	0	0	0
9.166575	0.9537115	0.139202225356	-0.425423786211	0	0	0
9.199908	0.9581705	0.121337463375	-0.619675240665	0	0	0
9.233241	0.9619435	0.0976130594639	-0.79582355528	0	0	0
9.266574	0.964859	0.0676002593359	-0.941125072407	0	0	0
9.299907	0.966574	0.0331569982366	-1.02782958427	0	0	0
9.33324	0.9670885	-0.00257252572526	-1.05343599917	0	0	0
9.366573	0.9664025	-0.0383020496872	-1.02520939297	0	0	0
9.399906	0.964516	-0.0727453107864	-0.928024115945	0	0	0
9.433239	0.961429	-0.102329356627	-0.75925997679	0	0	0
9.466572	0.9574845	-0.124624579579	-0.549168274977	0	0	0
9.499905	0.952854	-0.138058880589	-0.353606724877	0	0	0
9.533238	0.9482235	-0.147491474915	-0.170312434009	0	0	0
9.566571	0.942907	-0.151493181598	0.068244073208	0	0	0
9.599904	0.937762	-0.143775604423	0.330858700474	0	0	0
9.633237	0.9331315	-0.128340450071	0.564532123919	0	0	0
9.66657	0.9290155	-0.10533063664	0.765453156209	0	0	0
9.699903	0.9259285	-0.0758895088951	0.912779366607	0	0	0
9.733236	0.9238705	-0.0428754287543	1.00162767134	0	0	0
9.766569	0.923013	-0.00771757717577	1.03676205458	0	0	0
9.799902	0.923356	0.0275831924986	1.0202072096	0	0	0
9.833235	0.9248995	0.0613118631186	0.958275415412	0	0	0
9.866568	0.927472	0.0930396803968	0.837865715564	0	0	0
9.899901	0.931245	0.119336610033	0.649688340924	0	0	0
9.933234	0.935704	0.136772617726	0.437810145048	0	0	0
9.966567	0.940506	0.147920229202	0.228075742048	0	0	0
9.9999	0.945651	0.153779871132	-0.0313231959052	0	0	0
10.033233	0.951139	0.147205638723	-0.323474525014	0	0	0
10.066566	0.9557695	0.130055467221	-0.555599653604	0	0	0
10.099899	0.9598855	0.108331916652	-0.728294079698	0	0	0
10.133232	0.963144	0.0808916422498	-0.868593413448	0	0	0
10.166565	0.9653735	0.049735497355	-0.976021256439	0	0	0
10.199898	0.966574	0.0147205638723	-1.03890584746	0	0	0
10.233231	0.9664025	-0.0217235505688	-1.02771048466	0	0	0
10.266564	0.9650305	-0.0554522211889	-0.955417024912	0	0	0
10.299897	0.9626295	-0.0861796117961	-0.845011691816	0	0	0
10.33323	0.9591995	-0.113048213815	-0.687442915456	0	0	0
10.366563	0.954912	-0.133342583426	-0.482710695832	0	0	0
10.399896	0.95011	-0.146062293956	-0.244392387823	0	0	0
10.433229	0.944965	-0.150349836832	0.0160784465673	0	0	0
10.466562	0.93982	-0.145061867285	0.272976292832	0	0	0
10.499895	0.935018	-0.130341303413	0.477232114039	0	0	0
10.533228	0.9310735	-0.111761950953	0.635515488024	0	0	0
10.566561	0.927472	-0.0887521375214	0.800825738657	0	0	0
10.599894	0.9248995	-0.0578818288183	0.94148237122	0	0	0
10.633227	0.9235275	-0.0235814858149	1.00805904997	0	0	0
10.66656	0.923356	0.0107188571886	1.01925441276	0	0	0
10.699893	0.9242135	0.0454479544795	0.981857137045	0	0	0
10.733226	0.926443	0.077890362237	0.882647166744	0	0	0
10.766559	0.92953	0.105759390927	0.729604175344	0	0	0
10.799892	0.933646	0.127768777688	0.531898832368	0	0	0
10.833225	0.9382765	0.141631832985	0.314661154303	0	0	0
10.866558	0.94325	0.148777737777	0.0919448944442	0	0	0
10.899891	0.948395	0.148206065394	-0.142919525043	0	0	0
10.933224	0.9533685	0.13905930726	-0.373139059966	0	0	0
10.966557	0.9578275	0.123052480525	-0.593235128532	0	0	0
10.99989	0.961772	0.0994709947099	-0.801659435886	0	0	0
11.033223	0.9646875	0.0681719317193	-0.958037216204	0	0	0
11.066556	0.9664025	0.0332999163325	-1.0373575526	0	0	0
11.099889	0.966917	-0.00257252572526	-1.05367419838	0	0	0
11.133222	0.966231	-0.0381591315913	-1.01711061989	0	0	0
11.166555	0.9643445	-0.072173638403	-0.917305151567	0	0	0
11.199888	0.9612575	-0.100757257573	-0.764500359375	0	0	0
11.233221	0.9574845	-0.123767071004	-0.581325168112	0	0	0
11.266554	0.952854	-0.140488488218	-0.363968390443	0	0	0
11.299887	0.9478805	-0.148634819682	-0.125888281642	0	0	0
11.33322	0.9427355	-0.148777737777	0.113025524388	0	0	0
11.366553	0.937762	-0.141060160602	0.351462932001	0	0	0
11.399886	0.9331315	-0.125339170058	0.582277964946	0	0	0
11.433219	0.929187	-0.101757684244	0.785342790111	0	0	0
11.466552	0.9261	-0.070315703157	0.905276091542	0	0	0
11.499885	0.9245565	-0.0390166401664	0.949104745889	0	0	0
11.533218	0.9235275	-0.00771757717577	0.991027806568	0	0	0
11.566551	0.9238705	0.0277261105944	0.998769280841	0	0	0
11.599884	0.925414	0.0617406174062	0.919687143651	0	0	0
11.633217	0.928158	0.0906100727674	0.782365300006	0	0	0
11.66655	0.931588	0.114191558582	0.620270738686	0	0	0
11.699883	0.9358755	0.132913829138	0.423994590961	0	0	0
11.733216	0.9406775	0.143489768231	0.19413235485	0	0	0
11.766549	0.945651	0.146062293956	-0.0457342480137	0	0	0
11.799882	0.9506245	0.140488488218	-0.285124452461	0	0	0
11.833215	0.955255	0.126339596729	-0.499146441212	0	0	0
11.866548	0.9591995	0.106045227119	-0.672912763744	0	0	0
11.899881	0.962458	0.0806058060581	-0.812497499869	0	0	0
11.933214	0.9646875	0.0508788421218	-0.915637757108	0	0	0
11.966547	0.965888	0.0190081067477	-0.990670507755	0	0	0
11.99988	0.9660595	-0.0160068267349	-1.02628128941	0	0	0
12.033213	0.964859	-0.0518792687927	-0.979117846148	0	0	0
12.066546	0.962458	-0.0833212498792	-0.857755349466	0	0	0
12.099879	0.9591995	-0.110332769994	-0.684584524955	0	0	0
12.133212	0.954912	-0.130198385317	-0.468656942536	0	0	0
12.166545	0.9502815	-0.141631832985	-0.245106985449	0	0	0
12.199878	0.945308	-0.146348130148	-0.0222716259858	0	0	0
12.233211	0.9403345	-0.143489768231	0.210449000626	0	0	0
12.266544	0.9355325	-0.132627992947	0.446623515759	0	0	0
12.299877	0.931245	-0.113048213815	0.657072516385	0	0	0
12.33321	0.927815	-0.0868942022754	0.808329013722	0	0	0
12.366543	0.925414	-0.0580247469141	0.918972546026	0	0	0
12.399876	0.9238705	-0.0258681753484	1.01842071553	0	0	0
12.433209	0.9235275	0.0110046933803	1.06629875642	0	0	0
12.466542	0.9245565	0.048735070684	1.00174677095	0	0	0
12.499875	0.9269575	0.0808916422498	0.837270217543	0	0	0
12.533208	0.930216	0.104473128065	0.658025313218	0	0	0
12.566541	0.933989	0.124052907196	0.489261174063	0	0	0
12.599874	0.9386195	0.138058880589	0.29417602238	0	0	0
12.633207	0.9434215	0.14420435871	0.0801540336282	0	0	0
12.66654	0.948395	0.143632686327	-0.146849811982	0	0	0
12.699873	0.953197	0.135057600576	-0.389217506533	0	0	0
12.733206	0.957656	0.117478674787	-0.61812694581	0	0	0
12.766539	0.9612575	0.09189633563	-0.785819188527	0	0	0
12.799872	0.96383	0.0633127164605	-0.892056035476	0	0	0
12.833205	0.965545	0.031870735374	-0.963158499185	0	0	0
12.866538	0.9660595	-0.00228668953356	-0.98173803744	0	0	0
12.899871	0.9653735	-0.0358724420578	-0.931239805258	0	0	0
12.933204	0.963487	-0.0645989793231	-0.860613739966	0	0	0
12.966537	0.961086	-0.0927538442051	-0.78474729209	0	0	0
12.99987	0.957313	-0.119479528129	-0.627774013751	0	0	0
13.033203	0.952854	-0.13734429011	-0.38743101247	0	0	0
13.066536	0.9478805	-0.145633539669	-0.127436576497	0	0	0
13.099869	0.942907	-0.144776031094	0.108142440616	0	0	0
13.133202	0.938105	-0.138058880589	0.328714907599	0	0	0
13.166535	0.9334745	-0.123052480525	0.546071685268	0	0	0
13.199868	0.9297015	-0.100757257573	0.730199673365	0	0	0
13.233201	0.9266145	-0.0730311469781	0.867402417406	0	0	0
13.266534	0.924728	-0.0413033297	0.948390148264	0	0	0
13.299867	0.9238705	-0.0090038400384	0.99221880261	0	0	0
13.3332	0.924042	0.0255823391567	1.00103217332	0	0	0
13.366533	0.9255855	0.0597397640643	0.941125072407	0	0	0
13.399866	0.928158	0.0896096460965	0.825955755144	0	0	0
13.433199	0.931588	0.116764084308	0.64135136863	0	0	0
13.466532	0.9362185	0.134485928193	0.392075897034	0	0	0
13.499865	0.940849	0.142203505368	0.154353087046	0	0	0
13.533198	0.9458225	0.143918522519	-0.0627654914147	0	0	0
13.566531	0.9506245	0.13834471678	-0.282504261168	0	0	0
13.599864	0.955255	0.125196251963	-0.498431843587	0	0	0
13.633197	0.9591995	0.104044373777	-0.680654238017	0	0	0
13.66653	0.9622865	0.0784620346203	-0.817737882454	0	0	0
13.699863	0.964516	0.0491638249716	-0.929334211591	0	0	0
13.733196	0.9657165	0.0152922362557	-0.993647997861	0	0	0
13.766529	0.965545	-0.0192939429394	-0.984596427941	0	0	0
13.799862	0.9643445	-0.0514505145051	-0.925999422674	0	0	0
13.833195	0.962115	-0.0824637413041	-0.810115507785	0	0	0
13.866528	0.958685	-0.107474408077	-0.629560507814	0	0	0
13.899861	0.9547405	-0.125196251963	-0.422327196502	0	0	0
13.933194	0.95011	-0.13491468248	-0.227361144422	0	0	0
13.966527	0.945651	-0.139773897739	-0.0440668535549	0	0	0
13.99986	0.9406775	-0.139345143451	0.178053908283	0	0	0
14.033193	0.936047	-0.128483368167	0.41434752302	0	0	0
14.066526	0.931931	-0.110618606186	0.618841543436	0	0	0
14.099859	0.928501	-0.0860366937003	0.781888901589	0	0	0
14.133192	0.9261	-0.0574530745307	0.901822203021	0	0	0
14.166525	0.9245565	-0.0248677486775	0.977212252481	0	0	0
14.199858	0.924385	0.00957551242179	0.985906523587	0	0	0
14.233191	0.9252425	0.0425895925626	0.933026299322	0	0	0
14.266524	0.9273005	0.0728882288823	0.835841022292	0	0	0
14.299857	0.930216	0.0988993223266	0.711262836297	0	0	0
14.33319	0.933989	0.121051627183	0.554527757166	0	0	0
14.366523	0.938448	0.136915535822	0.355512318544	0	0	0
14.399856	0.94325	0.14663396634	0.0978998746544	0	0	0
14.433189	0.9485665	0.144633112998	-0.192226761183	0	0	0
14.466522	0.953197	0.132056320563	-0.432450662859	0	0	0
14.499855	0.9574845	0.113905722391	-0.612767463621	0	0	0
14.533188	0.9609145	0.0906100727674	-0.761880168083	0	0	0
14.566521	0.9636585	0.0625981259813	-0.884433660807	0	0	0
14.599854	0.965202	0.0304415544155	-0.96244390156	0	0	0
14.633187	0.9657165	-0.0030012800128	-0.985906523587	0	0	0
14.66652	0.9650305	-0.0370157868245	-0.947675550638	0	0	0
14.699853	0.963144	-0.0677431774318	-0.852872265693	0	0	0
14.733186	0.9604	-0.0943259432594	-0.730080573761	0	0	0
14.766519	0.9567985	-0.117621592883	-0.563222028273	0	0	0
14.799852	0.9523395	-0.133342583426	-0.346460748625	0	0	0
14.833185	0.947709	-0.141203078697	-0.108857038241	0	0	0
14.866518	0.9427355	-0.141345996793	0.145063317919	0	0	0
14.899851	0.9379335	-0.130198385317	0.357775211024	0	0	0
14.933184	0.933989	-0.115191985253	0.506054218256	0	0	0
14.966517	0.930216	-0.0970413870805	0.659811807281	0	0	0
14.99985	0.9273005	-0.0718878022114	0.820715372559	0	0	0
15.033183	0.9252425	-0.0407316573166	0.931478004467	0	0	0
15.066516	0.9245565	-0.00771757717577	0.972567367917	0	0	0
15.099849	0.924728	0.0254394210609	0.958751813829	0	0	0
15.133182	0.9262715	0.0575959926266	0.89074593983	0	0	0
15.166515	0.9286725	0.0860366937003	0.775338423358	0	0	0
15.199848	0.9321025	0.11047568809	0.614673057289	0	0	0
15.233181	0.9362185	0.128197531975	0.412441929353	0	0	0
15.266514	0.940849	0.138487634876	0.189368370682	0	0	0
15.299847	0.945651	0.140917242506	-0.0368017776986	0	0	0
15.33318	0.950453	0.135772191055	-0.253682156951	0	0	0
15.366513	0.954912	0.122909562429	-0.441978631195	0	0	0
15.399846	0.958685	0.106616899502	-0.632895296732	0	0	0
15.433179	0.9622865	0.0814633146331	-0.831672536145	0	0	0
15.466512	0.9643445	0.0488779887799	-0.956965319766	0	0	0
15.499845	0.965545	0.0151493181598	-0.998054683216	0	0	0
15.533178	0.9653735	-0.0192939429394	-0.974234762376	0	0	0
15.566511	0.964173	-0.0508788421218	-0.903846896292	0	0	0
15.599844	0.9619435	-0.0804628879622	-0.795585356072	0	0	0
15.633177	0.958685	-0.10533063664	-0.63908847615	0	0	0
15.66651	0.9547405	-0.123767071004	-0.454126790824	0	0	0
15.699843	0.9502815	-0.136058027247	-0.248084475554	0	0	0
15.733176	0.9454795	-0.140917242506	-0.0213188291522	0	0	0
15.766509	0.9406775	-0.137915962493	0.21878597292	0	0	0
15.799842	0.936047	-0.126053760538	0.449005507843	0	0	0
15.833175	0.9321025	-0.107331489982	0.651117536174	0	0	0
15.866508	0.9286725	-0.0811774784414	0.800230240636	0	0	0
15.899841	0.9266145	-0.0517363506968	0.875858489304	0	0	0
15.933174	0.9252425	-0.0220093867605	0.915637757108	0	0	0
15.966507	0.925071	0.00986134861349	0.927190418716	0	0	0
15.99984	0.9259285	0.0408745754124	0.898249214894	0	0	0
16.033173	0.927815	0.0708873755404	0.823811962268	0	0	0
16.066506	0.9307305	0.0976130594639	0.686609218227	0	0	0
16.099839	0.9345035	0.11805034717	0.499741939233	0	0	0
16.133172	0.938791	0.131341730084	0.290960333066	0	0	0
16.166505	0.9434215	0.137915962493	0.0658620811239	0	0	0
16.199838	0.9482235	0.135915109151	-0.162928258549	0	0	0
16.233171	0.9526825	0.126339596729	-0.368732374611	0	0	0
16.266504	0.9567985	0.110618606186	-0.547024482102	0	0	0
16.299837	0.9602285	0.0888950556172	-0.692206899624	0	0	0
16.33317	0.962801	0.0635985526522	-0.809520009764	0	0	0
16.366503	0.964516	0.0354436877702	-0.927428617924	0	0	0
16.399836	0.9653735	0.00114334476678	-1.00925004601	0	0	0
16.433169	0.9646875	-0.0355866058661	-0.975306658813	0	0	0
16.466502	0.962801	-0.0667427507608	-0.847631883109	0	0	0
16.499835	0.960057	-0.09189633563	-0.705426955691	0	0	0
16.533168	0.956627	-0.113762804295	-0.552026665478	0	0	0
16.566501	0.9523395	-0.130198385317	-0.354321322502	0	0	0
16.599834	0.947709	-0.138344716781	-0.125292783621	0	0	0
16.633167	0.942907	-0.138487634876	0.105760448532	0	0	0
16.6665	0.9382765	-0.130912975796	0.323712724222	0	0	0
16.699833	0.933989	-0.116192411924	0.51665408303	0	0	0
16.733166	0.9303875	-0.0957551242179	0.683512628518	0	0	0
16.766499	0.927472	-0.0701727850612	0.830124241291	0	0	0
16.799832	0.9255855	-0.0397312306456	0.944578960929	0	0	0
16.833165	0.924728	-0.0060025600256	1.00555795828	0	0	0
16.866498	0.925071	0.0304415544155	0.965064092852	0	0	0
16.899831	0.9269575	0.0611689450228	0.834530926646	0	0	0
16.933164	0.9293585	0.085322103221	0.706617951733	0	0	0
16.966497	0.932617	0.108188998557	0.57191629938	0	0	0
16.99983	0.936733	0.125196251963	0.3882647097	0	0	0
17.033163	0.941192	0.134485928193	0.184366187305	0	0	0
17.066496	0.9458225	0.137915962493	-0.037635474928	0	0	0
17.099829	0.9506245	0.132627992947	-0.273929089666	0	0	0
17.133162	0.954912	0.118764937649	-0.481876998603	0	0	0
17.166495	0.958685	0.0990422404224	-0.644805257152	0	0	0
17.199828	0.9616005	0.0751749184159	-0.778196813859	0	0	0
17.233161	0.96383	0.0467342173422	-0.883004465557	0	0	0
17.266494	0.964859	0.0141488914889	-0.918615247213	0	0	0
17.299827	0.9646875	-0.0165784991183	-0.888959445767	0	0	0
17.33316	0.9636585	-0.0447333640003	-0.853944162131	0	0	0
17.366493	0.961772	-0.0737457374574	-0.798562846177	0	0	0
17.399826	0.958685	-0.100185585189	-0.673508261765	0	0	0
17.433159	0.954912	-0.1204799548	-0.485688185937	0	0	0
17.466492	0.950453	-0.133342583426	-0.2635674241	0	0	0
17.499825	0.9458225	-0.138344716781	-0.0281075065918	0	0	0
17.533158	0.9410205	-0.135343436768	0.208781606167	0	0	0
17.566491	0.9365615	-0.123767071004	0.422922694523	0	0	0
17.599824	0.932617	-0.106045227119	0.599785606763	0	0	0
17.633157	0.9293585	-0.0830354136875	0.74592082112	0	0	0
17.66649	0.9269575	-0.0554522211889	0.857517150257	0	0	0
17.699823	0.9255855	-0.0248677486775	0.930167908821	0	0	0
17.733156	0.9252425	0.00771757717577	0.958037216204	0	0	0
17.766489	0.9261	0.0404458211249	0.929810610008	0	0	0
17.799822	0.9279865	0.0711732117321	0.842510600128	0	0	0
17.833155	0.930902	0.0988993223266	0.679582341579	0	0	0
17.866488	0.9348465	0.117907429074	0.467585046099	0	0	0
17.899821	0.9389625	0.129483794838	0.261900029641	0	0	0
17.933154	0.943593	0.135486354864	0.0519274274322	0	0	0
17.966487	0.9482235	0.133342583426	-0.164833852216	0	0	0
17.99982	0.9526825	0.1239099891	-0.364802087672	0	0	0
18.033153	0.956627	0.108474834748	-0.546667183289	0	0	0
18.066486	0.960057	0.0873229565629	-0.71447852561	0	0	0
18.099819	0.9626295	0.060025600256	-0.847750982713	0	0	0
18.133152	0.964173	0.0287265372654	-0.912779366607	0	0	0
18.166485	0.964516	-0.00242960762941	-0.919210745234	0	0	0
18.199818	0.9640015	-0.0332999163325	-0.886101055266	0	0	0
18.233151	0.9622865	-0.062883962173	-0.801302137074	0	0	0
18.266484	0.959714	-0.0887521375214	-0.656000619947	0	0	0
18.299817	0.9561125	-0.106759817598	-0.498431843587	0	0	0
18.33315	0.952511	-0.120765790991	-0.361705497963	0	0	0
18.366483	0.948052	-0.132342156755	-0.180435900367	0	0	0
18.399816	0.9434215	-0.13491468248	0.0601453001222	0	0	0
18.433149	0.938791	-0.128197531975	0.301083799424	0	0	0
18.466482	0.934675	-0.113619886199	0.505696919443	0	0	0
18.499815	0.9310735	-0.0933255165885	0.668506078388	0	0	0
18.533148	0.9283295	-0.0681719317193	0.795704455676	0	0	0
18.566481	0.926443	-0.0395883125498	0.89074593983	0	0	0
18.599814	0.9255855	-0.00757465907992	0.938623980719	0	0	0
18.633147	0.9259285	0.0248677486775	0.92052084088	0	0	0
18.66648	0.9273005	0.055309303093	0.846679086275	0	0	0
18.699813	0.9297015	0.0824637413041	0.73091427099	0	0	0
18.733146	0.93296	0.104330209969	0.594545224178	0	0	0
18.766479	0.936733	0.122337890046	0.437095547423	0	0	0
18.799812	0.941192	0.135915109151	0.208424307354	0	0	0
18.833145	0.9461655	0.137630126301	-0.0605025989348	0	0	0
18.866478	0.9506245	0.130055467221	-0.284171655627	0	0	0
18.899811	0.954912	0.117764510978	-0.475683819184	0	0	0
18.933144	0.958685	0.0981847318473	-0.649926540133	0	0	0
18.966477	0.9616005	0.0733169831698	-0.784151794069	0	0	0
18.99981	0.9636585	0.0448762820962	-0.87800228218	0	0	0
19.033143	0.9646875	0.0132913829138	-0.917305151567	0	0	0
19.066476	0.964516	-0.0177218438851	-0.903846896292	0	0	0
19.099809	0.963487	-0.047877562109	-0.852634066485	0	0	0
19.133142	0.9612575	-0.0756036727034	-0.759974574416	0	0	0
19.166475	0.958342	-0.0993280766141	-0.631227902273	0	0	0
19.199808	0.954569	-0.119479528129	-0.442097730799	0	0	0
19.233141	0.95011	-0.130341303413	-0.205685016458	0	0	0
19.266474	0.945651	-0.132913829138	0.0234626220279	0	0	0
19.299807	0.9410205	-0.1273400234	0.21199729548	0	0	0
19.33314	0.937076	-0.117478674787	0.362539195192	0	0	0
19.366473	0.9331315	-0.104187291873	0.53451902366	0	0	0
19.399806	0.929873	-0.0824637413041	0.715907720861	0	0	0
19.433139	0.927472	-0.0550234669013	0.850728472818	0	0	0
19.466472	0.9261	-0.0235814858149	0.913851263045	0	0	0
19.499805	0.9259285	0.00757465907992	0.913255765024	0	0	0
19.533138	0.9266145	0.0381591315913	0.872285501178	0	0	0
19.566471	0.928501	0.0671715050484	0.780340606734	0	0	0
19.599804	0.931245	0.0911817451508	0.650045639737	0	0	0
19.633137	0.934675	0.111047360474	0.494501556648	0	0	0
19.66647	0.938791	0.125196251963	0.306205082404	0	0	0
19.699803	0.94325	0.131627566276	0.107666042199	0	0	0
19.733136	0.947709	0.132056320563	-0.0909920976106	0	0	0
19.766469	0.952168	0.126768351017	-0.321688030951	0	0	0
19.799802	0.9564555	0.111476114761	-0.56739051442	0	0	0
19.833135	0.9598855	0.0867512841795	-0.743824668086	0	0	0
19.866468	0.9622865	0.0590251735851	-0.824252630804	0	0	0
19.899801	0.96383	0.030012800128	-0.828706956001	0	0	0
19.933134	0.9643445	0.00180076800768	-0.768371096512	0	0	0
19.966467	0.96383	-0.0226525181918	-0.66742227199	0	0	0
19.9998	0.962115	-0.0397312306456	-0.580086532228	0	0	0
