0.033333	0.8370915	0.350149334827	0.155949021743	0	0	-0.947829703068
0.066666	0.8480675	0.363940931076	-0.19811028163	0	-0.0218168338183	-1.3247798791
0.099999	0.8621305	0.35449404494	-0.681761864336	0	-0.0610871346911	-1.78536208775
0.133332	0.873278	0.306559315593	-0.87658499689	0	-0.189079226425	-1.06297525523
0.166665	0.88151	0.281834485012	-0.728615648629	-0.0174532925199	-0.189079226425	1.10418524232
0.199998	0.891457	0.269543528769	-0.847798622554	-0.0174532925199	-0.0581782235154	1.74778827599
0.233331	0.900375	0.235386103861	-1.21243397078	-0.0174532925199	-0.0145445558788	0.654511559664
0.266664	0.907921	0.180076800768	-1.37953071548	-0.0174532925199	-0.0145445558788	-0.654511559664
0.299997	0.9118655	0.134628846288	-1.3179562201	-0.0174532925199	-0.0581782235154	-1.7453641591
0.33333	0.916496	0.098470568039	-1.38953508223	-0.0174532925199	-0.189079226425	-1.078732015
0.366663	0.9190685	0.0464483811505	-1.56985188299	-0.0349065850399	-0.189079226425	1.18781727495
0.399996	0.9197545	-0.0107188571886	-1.64274084076	-0.0349065850399	-0.0581782235154	2.24230812107
0.433329	0.918211	-0.0660281602816	-1.62130291201	-0.0349065850399	0	2.13322286113
0.466662	0.9152955	-0.119050773841	-1.56008571545	-0.0349065850399	0.0581782235154	2.24230812107
0.499995	0.910322	-0.171787551209	-1.43205364093	-0.0349065850399	0.189079226425	1.18781727495
0.533328	0.9036335	-0.217378423784	-1.21171937316	-0.0174532925199	0.189079226425	-1.078732015
0.566661	0.895573	-0.253822538225	-0.938743080323	-0.0174532925199	0.0581782235154	-1.7453641591
0.599994	0.8864835	-0.280834058341	-0.63087060346	-0.0174532925199	0.0145445558788	-0.654511559664
0.633327	0.8765365	-0.296412130788	-0.305133185967	-0.0174532925199	0.0145445558788	0.654511559664
0.66666	0.866418	-0.300556755568	0.00655047823113	-0.0174532925199	0.0581782235154	1.7453641591
0.699993	0.8562995	-0.2959833765	0.316328548762	-0.0174532925199	0.189079226425	1.09085259944
0.733326	0.8463525	-0.279547795478	0.625630220875	0	0.189079226425	-1.10297318388
0.766659	0.8374345	-0.25367962013	0.912541167399	0	0.0581782235154	-1.83020825017
0.799992	0.8292025	-0.218521768551	1.17527489427	0	0.0145445558788	-1.06661143056
0.833325	0.822514	-0.172502141688	1.34558732828	0	0	-0.412099870899
0.866658	0.817712	-0.125196251963	1.41085391138	0	0	-0.0848440910675
0.899991	0.814282	-0.0793195431954	1.48314737113	0	0	-0.0121205844382
0.933324	0.812224	-0.0278690286903	1.57759335726	0	0	0
0.966657	0.812224	0.0287265372654	1.58545393114	0	0	0
0.99999	0.814282	0.081606232729	1.47969348261	0	0	0
1.033323	0.8178835	0.127768777688	1.34511092986	0	0	0
1.066656	0.822857	0.170787124538	1.21219577157	0	0	-0.0121205844382
1.099989	0.829374	0.208946256129	1.07261103545	0	0	-0.0848440910675
1.133322	0.83692	0.242960762941	0.91313666542	0	0	-0.412099870899
1.166655	0.845838	0.268686020194	0.75187580133	0	-0.0145445558788	-1.06661143056
1.199988	0.8545845	0.296412130788	0.480924201769	0	-0.0581782235154	-1.83020825017
1.233321	0.866075	0.308988923223	-0.0191750362766	0	-0.189079226425	-1.10297318388
1.266654	0.8761935	0.291838751721	-0.478304010477	-0.0174532925199	-0.189079226425	1.10297318388
1.299987	0.8851115	0.276689433561	-0.924689327027	-0.0174532925199	-0.0581782235154	1.83020825017
1.33332	0.8954015	0.237101121011	-1.47266660596	-0.0174532925199	-0.0145445558788	1.06661143056
1.366653	0.9022615	0.163355383554	-1.58057084737	-0.0174532925199	0	0.412099870899
1.399986	0.905177	0.11633533002	-1.26638609148	-0.0174532925199	0	0.0848440910675
1.433319	0.909293	0.0883233832338	-1.15729085403	-0.0174532925199	0	0.0121205844382
1.466652	0.911694	0.0471629716297	-1.26245580455	-0.0174532925199	0	0
1.499985	0.9125515	0.00214377143772	-1.34677832432	-0.0174532925199	0	0
1.533318	0.9118655	-0.0454479544795	-1.3433244358	-0.0174532925199	0	0
1.566651	0.9094645	-0.0906100727674	-1.21886534941	-0.0174532925199	0	0
1.599984	0.9056915	-0.129483794838	-1.01103654007	-0.0174532925199	0	0
1.633317	0.9005465	-0.158924922583	-0.804398726783	-0.0174532925199	0	0
1.66665	0.894544	-0.175932175988	-0.772480032857	-0.0174532925199	0	0.0121205844382
1.699983	0.889399	-0.20480163135	-0.847036385087	-0.0174532925199	0	0.0848440910675
1.733316	0.8816815	-0.250106667733	-0.474254623934	-0.0174532925199	0	0.412099870899
1.766649	0.8707055	-0.242817844845	0.0516892282238	-0.0174532925199	0.0145445558788	1.06661143056
1.799982	0.8652175	-0.226668100014	0.0795585356072	-0.0174532925199	0.0581782235154	1.83020825017
1.833315	0.8566425	-0.233671086711	0.00845607189838	-0.0174532925199	0.189079226425	1.10297318388
1.866648	0.849611	-0.238244465778	0.236174515133	0	0.189079226425	-1.10297318388
1.899981	0.8401785	-0.227239772398	0.728294079698	0	0.0581782235154	-1.83020825017
1.933314	0.8333185	-0.182506408397	1.0711818402	0	0.0145445558788	-1.06661143056
1.966647	0.828688	-0.149778164448	1.24578185996	0	0	-0.412099870899
1.99998	0.8230285	-0.106045227119	1.53436020094	0	0	-0.0848440910675
2.033313	0.820799	-0.0420179201792	1.64524193245	0	0	-0.0121205844382
2.066646	0.8206275	0.0128626286263	1.49672472601	0	0	0
2.099979	0.8219995	0.0580247469141	1.30449796483	0	0	0
2.133312	0.824572	0.0981847318473	1.14299890153	0	0	0
2.166645	0.828688	0.13319966533	1.01496682701	0	0	-0.0121205844382
2.199978	0.83349	0.165784991183	0.887292051308	0	0	-0.0848440910675
2.233311	0.8398355	0.194225692257	0.702330365982	0	0	-0.412099870899
2.266644	0.8466955	0.213805471388	0.47413552433	0	-0.0145445558788	-1.06661143056
2.299977	0.8542415	0.226668100014	0.217714076482	0	-0.0581782235154	-1.83020825017
2.33331	0.8621305	0.228383117165	-0.038230972949	0	-0.189079226425	-1.10297318388
2.366643	0.8696765	0.222380557139	-0.246774379907	-0.0174532925199	-0.189079226425	1.10297318388
2.399976	0.877051	0.211375863759	-0.44043033634	-0.0174532925199	-0.0581782235154	1.83020825017
2.433309	0.883911	0.194225692257	-0.662431998574	-0.0174532925199	-0.0145445558788	1.06661143056
2.466642	0.8902565	0.168071680717	-0.900631206979	-0.0174532925199	0	0.412099870899
2.499975	0.8954015	0.132485074851	-1.08511649389	-0.0174532925199	0	0.0848440910675
2.533308	0.8991745	0.092896762301	-1.18111077488	-0.0174532925199	0	0.0121205844382
2.566641	0.9015755	0.0527367773678	-1.23053711062	-0.0174532925199	0	0
2.599974	0.902776	0.010290102901	-1.24840205125	-0.0174532925199	0	0
2.633307	0.9022615	-0.0320136534699	-1.21624515811	-0.0174532925199	0	0
2.66664	0.9005465	-0.0716019660197	-1.14943028016	-0.0174532925199	0	0
2.699973	0.8974595	-0.109332343323	-1.04891021421	-0.0174532925199	0	0
2.733306	0.893172	-0.143346850135	-0.888244848141	-0.0174532925199	0	0
2.766639	0.887684	-0.169786697867	-0.682798030892	-0.0174532925199	0	0.0121205844382
2.799972	0.8816815	-0.189366476998	-0.454722288845	-0.0174532925199	0	0.0848440910675
2.833305	0.8748215	-0.200514088474	-0.204374920811	-0.0174532925199	0	0.412099870899
2.866638	0.868133	-0.203229532295	0.0516892282239	-0.0174532925199	0.0145445558788	1.06661143056
2.899971	0.8611015	-0.198799071324	0.329548604828	-0.0174532925199	0.0581782235154	1.83020825017
2.933304	0.8542415	-0.176789684564	0.474492823142	-0.0174532925199	0.189079226425	1.10297318388
2.966637	0.849611	-0.160925775924	0.450792001906	0	0.189079226425	-1.10297318388
2.99997	0.84378	-0.150635673023	0.51665408303	0	0.0581782235154	-1.83020825017
3.033303	0.8391495	-0.12976963103	0.674461058598	0	0.0145445558788	-1.06661143056
3.066636	0.8350335	-0.104758964256	0.833578129813	0	0	-0.412099870899
3.099969	0.832118	-0.0753178365117	1.01937351237	0	0	-0.0848440910675
3.133302	0.829717	-0.0371587049204	1.19385443252	0	0	-0.0121205844382
3.166635	0.829374	0.00886092194255	1.23303820231	0	0	0
3.199968	0.8305745	0.0483063163965	1.16967721287	0	0	0
3.233301	0.8326325	0.0860366937003	1.11774978544	0	0	0
3.266634	0.8364055	0.121623299566	1.08035250972	0	0	-0.0121205844382
3.299967	0.840693	0.157352823528	1.02139820564	0	0	-0.0848440910675
3.3333	0.846524	0.198799071324	0.70256856519	0	0	-0.412099870899
3.366633	0.8549275	0.211947536142	0.178887605512	0	-0.0145445558788	-1.06661143056
3.399966	0.8614445	0.201657433241	-0.118980504598	0	-0.0581782235154	-1.83020825017
3.433299	0.8679615	0.197655726557	-0.246655280303	0	-0.189079226425	-1.10297318388
3.466632	0.87465	0.18965231319	-0.455675085678	-0.0174532925199	-0.189079226425	1.10297318388
3.499965	0.8809955	0.170644206442	-0.720314406216	-0.0174532925199	-0.0581782235154	1.83020825017
3.533298	0.886655	0.134771764384	-0.795466256468	-0.0174532925199	-0.0145445558788	1.06661143056
3.566631	0.8895705	0.108903589036	-0.643256962297	-0.0174532925199	0	0.412099870899
3.599964	0.8933435	0.0974701413681	-0.643733360714	-0.0174532925199	0	0.0848440910675
3.633297	0.8964305	0.0753178365117	-0.895629023602	-0.0174532925199	0	0.0121205844382
3.66663	0.8988315	0.0394453944539	-1.18587475904	-0.0174532925199	0	0
3.699963	0.899689	-0.0135772191055	-1.20254870363	-0.0174532925199	0	0
3.733296	0.897288	-0.0503071697384	-0.944578960929	-0.0174532925199	0	0
3.766629	0.8957445	-0.0707444574446	-0.809758208972	-0.0174532925199	0	0
3.799962	0.8930005	-0.0996139128058	-0.795108957655	-0.0174532925199	0	0
3.833295	0.889056	-0.126482514825	-0.726269386426	-0.0174532925199	0	0
3.866628	0.8844255	-0.149778164448	-0.603358594889	-0.0174532925199	0	0.0121205844382
3.899961	0.8789375	-0.167642926429	-0.435904551381	-0.0174532925199	0	0.0848440910675
3.933294	0.8731065	-0.17964804648	-0.239271104843	-0.0174532925199	0	0.412099870899
3.966627	0.866761	-0.184221425548	-0.0264401121329	-0.0174532925199	0.0145445558788	1.06661143056
3.99996	0.860587	-0.180648473151	0.162451860132	-0.0174532925199	0.0581782235154	1.83020825017
4.033293	0.8545845	-0.171787551209	0.306800580425	-0.0174532925199	0.189079226425	1.10297318388
4.066626	0.8490965	-0.160068267349	0.444241523675	0	0.189079226425	-1.10297318388
4.099959	0.84378	-0.143346850135	0.608718077078	0	0.0581782235154	-1.83020825017
4.133292	0.839321	-0.119336610033	0.766167753834	0	0.0145445558788	-1.06661143056
4.166625	0.8357195	-0.0910388270549	0.883004465557	0	0	-0.412099870899
4.199958	0.833147	-0.0590251735851	0.948985646285	0	0	-0.0848440910675
4.233291	0.831775	-0.026296929636	0.964468594831	0	0	-0.0121205844382
4.266624	0.831432	0.00557380573806	0.962801200372	0	0	0
4.299957	0.832118	0.0380162134955	0.951486737973	0	0	0
4.33329	0.8340045	0.0694581945819	0.918019749192	0	0	0
4.366623	0.8367485	0.100042667093	0.847989181921	0	0	-0.0121205844382
4.399956	0.840693	0.128769204359	0.694707991313	0	0	-0.0848440910675
4.433289	0.8456665	0.147491474915	0.500456536858	0	0	-0.412099870899
4.466622	0.85064	0.160925775924	0.33216879612	0	-0.0145445558788	-1.06661143056
4.499955	0.856471	0.170215452155	0.159355270423	0	-0.0581782235154	-1.83020825017
4.533288	0.862302	0.170072534059	0.040017467012	0	-0.189079226425	-1.10297318388
4.566621	0.86779	0.170215452155	-0.0147683509211	-0.0174532925199	-0.189079226425	1.10297318388
4.599954	0.873621	0.169500861675	-0.104331253281	-0.0174532925199	-0.0581782235154	1.83020825017
4.633287	0.8789375	0.169786697867	-0.376712048092	-0.0174532925199	-0.0145445558788	1.06661143056
4.66662	0.885626	0.149635246352	-0.781174303964	-0.0174532925199	0	0.412099870899
4.699953	0.8895705	0.110189851899	-0.976378555251	-0.0174532925199	0	0.0848440910675
4.733286	0.8926575	0.076889935566	-0.944459861325	-0.0174532925199	0	0.0121205844382
4.766619	0.894544	0.0470200535339	-0.865735022947	-0.0174532925199	0	0
4.799952	0.8957445	0.0208660419938	-0.820119874538	-0.0174532925199	0	0
4.833285	0.8960875	-0.0087180038467	-0.773909228107	-0.0174532925199	0	0
4.866618	0.8947155	-0.0282977829778	-0.798205547364	-0.0174532925199	0	0
4.899951	0.894544	-0.0567384840515	-0.943030666075	-0.0174532925199	0	0
4.933284	0.891457	-0.0980418137515	-0.902060402229	-0.0174532925199	0	0
4.966617	0.887341	-0.121909135758	-0.723768294738	-0.0174532925199	0	0
4.99995	0.883225	-0.143489768231	-0.576561183944	-0.0174532925199	0	0.0121205844382
5.033283	0.877737	-0.159067840678	-0.437095547423	-0.0174532925199	0	0.0848440910675
5.066616	0.872935	-0.180791391247	-0.0975425758418	-0.0174532925199	0	0.412099870899
5.099949	0.86436	-0.165927909279	0.248799073179	-0.0174532925199	0.0145445558788	1.06661143056
5.133282	0.8621305	-0.154780297803	0.333955290184	-0.0174532925199	0.0581782235154	1.83020825017
5.166615	0.85407	-0.143346850135	0.387788311283	-0.0174532925199	0.189079226425	1.10297318388
5.199948	0.852355	-0.126196678633	0.371114366695	0	0.189079226425	-1.10297318388
5.233281	0.8463525	-0.125339170058	0.538211111391	0	0.0581782235154	-1.83020825017
5.266614	0.8429225	-0.0944688613553	0.795466256468	0	0.0145445558788	-1.06661143056
5.299947	0.840007	-0.0635985526522	0.824169261081	0	0	-0.412099870899
5.33328	0.8388065	-0.03372867062	0.707689848171	0	0	-0.0848440910675
5.366613	0.8384635	-0.0218664686647	0.719599808591	0	0	-0.0121205844382
5.399946	0.8367485	0.00571672383391	0.948390148264	0	0	0
5.433279	0.838292	0.0477346440131	1.01067924126	0	0	0
5.466612	0.84035	0.0800341336747	0.871928202366	0	0	-0.0121205844382
5.499945	0.84378	0.106759817598	0.676366652265	0	0	-0.0848440910675
5.533278	0.8477245	0.124338743387	0.491166767731	0	0	-0.412099870899
5.566611	0.8521835	0.13734429011	0.360633601525	0	-0.0145445558788	-1.06661143056
5.599944	0.856814	0.149778164448	0.194489653663	0	-0.0581782235154	-1.83020825017
5.633277	0.8624735	0.152636526365	-0.0292985026338	0	-0.189079226425	-1.10297318388
5.66661	0.8672755	0.146205212052	-0.212116395084	-0.0174532925199	-0.189079226425	1.10297318388
5.699943	0.872249	0.136915535822	-0.348961840313	-0.0174532925199	-0.0581782235154	1.83020825017
5.733276	0.8765365	0.122623726237	-0.467108647682	-0.0174532925199	-0.0145445558788	1.06661143056
5.766609	0.880481	0.105759390927	-0.577156681965	-0.0174532925199	0	0.412099870899
5.799942	0.8837395	0.0838929222626	-0.67565205464	-0.0174532925199	0	0.0848440910675
5.833275	0.8861405	0.0594539278726	-0.736750151596	-0.0174532925199	0	0.0121205844382
5.866608	0.887684	0.0345861791951	-0.783675395652	-0.0174532925199	0	0
5.899941	0.8885415	0.00700298669653	-0.811425603431	-0.0174532925199	0	0
5.933274	0.8881985	-0.0214377143771	-0.780459706338	-0.0174532925199	0	0
5.966607	0.886998	-0.0465912992463	-0.705188756482	-0.0174532925199	0	0
5.99994	0.88494	-0.0674573412401	-0.649926540132	-0.0174532925199	0	0
6.033273	0.882539	-0.0886092194255	-0.620270738686	-0.0174532925199	0	0
6.066606	0.879109	-0.110618606186	-0.537258314557	-0.0174532925199	0	0
6.099939	0.874993	-0.127197105304	-0.375163753238	-0.0174532925199	0	0.0121205844382
6.133272	0.8703625	-0.135486354864	-0.204374920811	-0.0174532925199	0	0.0848440910675
6.166605	0.8659035	-0.139916815835	-0.0531184234743	-0.0174532925199	0	0.412099870899
6.199938	0.86093	-0.139916815835	0.114573819243	-0.0174532925199	0.0145445558788	1.06661143056
6.233271	0.8562995	-0.13148464818	0.260589933995	-0.0174532925199	0.0581782235154	1.83020825017
6.266604	0.8521835	-0.121623299566	0.382905227511	-0.0174532925199	0.189079226425	1.10297318388
6.299937	0.8480675	-0.107188571886	0.535829119307	0	0.189079226425	-1.10297318388
6.33327	0.844809	-0.0856079394127	0.689586708332	0	0.0581782235154	-1.83020825017
6.366603	0.842408	-0.0620264535979	0.850728472818	0	0.0145445558788	-1.06661143056
6.399936	0.84035	-0.0294411277446	0.984596427941	0	0	-0.412099870899
6.433269	0.840007	0.0130055467221	0.854301460944	0	0	-0.0848440910675
6.466602	0.842065	0.0331569982366	0.570844402942	0	0	-0.0121205844382
6.499935	0.8425795	0.0427325106584	0.496288050711	0	0	0
6.533268	0.844466	0.061883535502	0.553455860729	0	0	0
6.566601	0.8466955	0.0814633146331	0.597880013096	0	0	-0.0121205844382
6.599934	0.849954	0.102186438531	0.623010029583	0	0	-0.0848440910675
6.633267	0.8535555	0.12148038147	0.634800890399	0	0	-0.412099870899
6.6666	0.8575	0.151636099694	0.428996774337	0	-0.0145445558788	-1.06661143056
6.699933	0.86436	0.160925775924	-0.0555004155583	0	-0.0581782235154	-1.83020825017
6.733266	0.8693335	0.140202652027	-0.343840557332	0	-0.189079226425	-1.10297318388
6.766599	0.873278	0.127197105304	-0.358013410232	-0.0174532925199	-0.189079226425	1.10297318388
6.799932	0.877394	0.121337463375	-0.466274950452	-0.0174532925199	-0.0581782235154	1.83020825017
6.833265	0.881853	0.103329783298	-0.721148103446	-0.0174532925199	-0.0145445558788	1.06661143056
6.866598	0.8851115	0.0645989793231	-0.74961290885	-0.0174532925199	0	0.412099870899
6.899931	0.8854545	0.0430183468501	-0.511056401632	-0.0174532925199	0	0.0848440910675
6.933264	0.887341	0.0380162134955	-0.454722288845	-0.0174532925199	0	0.0121205844382
6.966597	0.8885415	0.0204372877062	-0.617888746602	-0.0174532925199	0	0
6.99993	0.8888845	-0.00400170668373	-0.784985491298	-0.0174532925199	0	0
7.033263	0.88837	-0.0332999163325	-0.88764935012	-0.0174532925199	0	0
7.066596	0.886998	-0.0697440307736	-0.781412503172	-0.0174532925199	0	0
7.099929	0.883225	-0.0920392537259	-0.484973588312	-0.0174532925199	0	0
7.133262	0.8803095	-0.0980418137515	-0.284886253252	-0.0174532925199	0	0
7.166595	0.8768795	-0.106473981406	-0.218428674107	-0.0174532925199	0	0
7.199928	0.8731065	-0.111761950953	-0.196037948517	-0.0174532925199	0	0.0121205844382
7.233261	0.869505	-0.119193691937	-0.181031398388	-0.0174532925199	0	0.0848440910675
7.266594	0.8652175	-0.126911269113	-0.0750327506475	-0.0174532925199	0	0.412099870899
7.299927	0.8607585	-0.126196678633	0.0909920976106	-0.0174532925199	0.0145445558788	1.06661143056
7.33326	0.8566425	-0.11976536432	0.236293614738	-0.0174532925199	0.0581782235154	1.83020825017
7.366593	0.852698	-0.109475261419	0.353368525669	-0.0174532925199	0.189079226425	1.10297318388
7.399926	0.849268	-0.0960409604096	0.456985181325	0	0.189079226425	-1.10297318388
7.433259	0.846181	-0.078747870812	0.548215478144	0	0.0581782235154	-1.83020825017
7.466592	0.8439515	-0.0587393373934	0.614196658872	0	0.0145445558788	-1.06661143056
7.499925	0.8422365	-0.0374445411121	0.664337592241	0	0	-0.412099870899
7.533258	0.841379	-0.0137201372014	0.689586708332	0	0	-0.0848440910675
7.566591	0.841379	0.00886092194255	0.696494485376	0	0	-0.0121205844382
7.599924	0.8418935	0.0331569982366	0.680416038808	0	0	0
7.633257	0.8436085	0.056309729764	0.602405798056	0	0	0
7.66659	0.845838	0.0738886555532	0.502600329734	0	0	-0.0121205844382
7.699923	0.848582	0.0891808918089	0.411965530936	0	0	-0.0848440910675
7.733256	0.8518405	0.101614766148	0.312755560635	0	0	-0.412099870899
7.766589	0.855442	0.110761524282	0.1955615501	0	-0.0145445558788	-1.06661143056
7.799922	0.8593865	0.11462031287	0.0775338423358	0	-0.0581782235154	-1.83020825017
7.833255	0.8631595	0.115191985253	-0.0222716259859	0	-0.189079226425	-1.10297318388
7.866588	0.867104	0.113476968103	-0.127912974913	-0.0174532925199	-0.189079226425	1.10297318388
7.899921	0.870877	0.106759817598	-0.230934132548	-0.0174532925199	-0.0581782235154	1.83020825017
7.933254	0.874307	0.0971843051764	-0.310016269739	-0.0174532925199	-0.0145445558788	1.06661143056
7.966587	0.877394	0.0854650213169	-0.37325815957	-0.0174532925199	0	0.412099870899
7.99992	0.8799665	0.0733169831698	-0.448410009822	-0.0174532925199	0	0.0848440910675
8.033253	0.882539	0.055309303093	-0.511294600841	-0.0174532925199	0	0.0121205844382
8.066586	0.8837395	0.034729097291	-0.476755715622	-0.0174532925199	0	0
8.099919	0.884254	0.0274402744027	-0.54499978883	-0.0174532925199	0	0
8.133252	0.8861405	0.00500213335467	-0.76831154671	-0.0174532925199	0	0
8.166585	0.8851115	-0.0308703087031	-0.803803228762	-0.0174532925199	0	0
8.199918	0.883568	-0.0545947126138	-0.667553281554	-0.0174532925199	0	0
8.233251	0.8813385	-0.0738886555532	-0.538449310599	-0.0174532925199	0	0
8.266584	0.8785945	-0.0894667280006	-0.427210280274	-0.0174532925199	0	0
8.299917	0.875336	-0.103043947106	-0.300964699819	-0.0174532925199	0	0.0121205844382
8.33325	0.871563	-0.110761524282	-0.14113303098	-0.0174532925199	0	0.0848440910675
8.366583	0.86779	-0.112619459528	0.0185795382556	-0.0174532925199	0	0.412099870899
8.399916	0.8638455	-0.107903162365	0.131366863435	-0.0174532925199	0.0145445558788	1.06661143056
8.433249	0.860587	-0.101757684244	0.185438083743	-0.0174532925199	0.0581782235154	1.83020825017
8.466582	0.857157	-0.0967555508888	0.258565240723	-0.0174532925199	0.189079226425	1.10297318388
8.499915	0.8538985	-0.0851791851252	0.329905903641	0	0.189079226425	-1.10297318388
8.533248	0.851326	-0.0708873755404	0.307157879238	0	0.0581782235154	-1.83020825017
8.566581	0.8494395	-0.0625981259813	0.258327041515	0	0.0145445558788	-1.06661143056
8.599914	0.847553	-0.0623122897896	0.44126403357	0	0	-0.412099870899
8.633247	0.844466	-0.0397312306456	0.785700088923	0	0	-0.0848440910675
8.66658	0.8442945	-0.000285836191694	0.871928202366	0	0	-0.0121205844382
8.699913	0.8449805	0.0267256839235	0.716622318486	0	0	0
8.733246	0.8463525	0.0457337906712	0.571797199776	0	0	-0.0121205844382
8.766579	0.8480675	0.0614547812145	0.50474412261	0	0	-0.0848440910675
8.799912	0.850297	0.0798912155788	0.43304616088	0	0	-0.412099870899
8.833245	0.8535555	0.0933255165885	0.28738734494	0	-0.0145445558788	-1.06661143056
8.866578	0.856814	0.0981847318473	0.159593469631	0	-0.0581782235154	-1.83020825017
8.899911	0.8600725	0.102186438531	0.0758664478769	0	-0.189079226425	-1.10297318388
8.933244	0.863674	0.103758537585	-0.0164357453799	-0.0174532925199	-0.189079226425	1.10297318388
8.966577	0.867104	0.101614766148	-0.122910791537	-0.0174532925199	-0.0581782235154	1.83020825017
8.99991	0.870534	0.0958980423138	-0.241414897718	-0.0174532925199	-0.0145445558788	1.06661143056
9.033243	0.873621	0.0856079394127	-0.358847107462	-0.0174532925199	0	0.412099870899
9.066576	0.876365	0.0711732117321	-0.449362806656	-0.0174532925199	0	0.0848440910675
9.099909	0.878423	0.0543088764221	-0.496883548732	-0.0174532925199	0	0.0121205844382
9.133242	0.8799665	0.0375874592079	-0.524038258491	-0.0174532925199	0	0
9.166575	0.8809955	0.0190081067477	-0.539283007828	-0.0174532925199	0	0
9.199908	0.881167	0.00171501715017	-0.553932259145	-0.0174532925199	0	0
9.233241	0.881167	-0.0171501715017	-0.582039765737	-0.0174532925199	0	0
9.266574	0.880138	-0.0387308039747	-0.562507430648	-0.0174532925199	0	0
9.299907	0.878423	-0.0560238935723	-0.500337437254	-0.0174532925199	0	0
9.33324	0.876365	-0.0717448841155	-0.435428152964	-0.0174532925199	0	0
9.366573	0.873621	-0.0857508575086	-0.345150652979	-0.0174532925199	0	0
9.399906	0.870534	-0.0957551242179	-0.225812849568	-0.0174532925199	0	0
9.433239	0.867104	-0.101043093764	-0.0973043766334	-0.0174532925199	0	0.0121205844382
9.466572	0.863674	-0.101757684244	0.0186986378598	-0.0174532925199	0	0.0848440910675
9.499905	0.860244	-0.0993280766141	0.121957994703	-0.0174532925199	0	0.412099870899
9.533238	0.8569855	-0.093754270876	0.225098251943	-0.0174532925199	0.0145445558788	1.06661143056
9.566571	0.8538985	-0.0847504308376	0.33300249335	-0.0174532925199	0.0581782235154	1.83020825017
9.599904	0.8511545	-0.070315703157	0.405534152309	-0.0174532925199	0.189079226425	1.10297318388
9.633237	0.849268	-0.0564526478598	0.441383133174	0	0.189079226425	-1.10297318388
9.66657	0.8473815	-0.0417320839875	0.491643166147	0	0.0581782235154	-1.83020825017
9.699903	0.8463525	-0.023438567719	0.533328027618	0	0.0145445558788	-1.06661143056
9.733236	0.845838	-0.00528796954636	0.555956952417	0	0	-0.412099870899
9.766569	0.8460095	0.0130055467221	0.601810300035	0	0	-0.0848440910675
9.799902	0.8466955	0.0332999163325	0.674937457015	0	0	-0.0121205844382
9.833235	0.8480675	0.0575959926266	0.721862701071	0	0	0
9.866568	0.8501255	0.090038400384	0.528921342263	0	0	-0.0121205844382
9.899901	0.8549275	0.0991851585183	0.17317082451	0	0	-0.0848440910675
9.933234	0.8573285	0.0917534175342	0.0681249736038	0	0	-0.412099870899
9.966567	0.8604155	0.0980418137515	0.1246972856	0	-0.0145445558788	-1.06661143056
9.9999	0.8638455	0.104330209969	0.101949261197	0	-0.0581782235154	-1.83020825017
10.033233	0.8676185	0.106759817598	0.00643137862692	0	-0.189079226425	-1.10297318388
10.066566	0.8710485	0.103758537585	-0.109571635866	-0.0174532925199	-0.189079226425	1.10297318388
10.099899	0.8741355	0.10704565379	-0.405772351518	-0.0174532925199	-0.0581782235154	1.83020825017
10.133232	0.879452	0.0776045260453	-0.694588891708	-0.0174532925199	-0.0145445558788	1.06661143056
10.166565	0.879452	0.0441616916169	-0.551550267061	-0.0174532925199	0	0.412099870899
10.199898	0.881167	0.0405887392207	-0.383381625927	-0.0174532925199	0	0.0848440910675
10.233231	0.882539	0.0287265372654	-0.458652575783	-0.0174532925199	0	0.0121205844382
10.266564	0.8833965	0.0100042667093	-0.558934442522	-0.0174532925199	0	0
10.299897	0.883225	-0.011290529572	-0.606693383807	-0.0174532925199	0	0
10.33323	0.882539	-0.0311561448948	-0.615864053331	-0.0174532925199	0	0
10.366563	0.881167	-0.0511646783134	-0.622057232749	-0.0174532925199	0	0
10.399896	0.879452	-0.0773186898536	-0.493548759815	-0.0174532925199	0	0
10.433229	0.8755075	-0.0894667280006	-0.229504937298	-0.0174532925199	0	0
10.466562	0.872935	-0.0864654479878	-0.119695102223	-0.0174532925199	0	0
10.499895	0.870191	-0.092896762301	-0.131605062644	-0.0174532925199	0	0
10.533228	0.866761	-0.0990422404224	-0.0609789973516	-0.0174532925199	0	0.0121205844382
10.566561	0.863331	-0.0987564042307	0.059430702497	-0.0174532925199	0	0.0848440910675
10.599894	0.8600725	-0.0941830251636	0.165548449841	-0.0174532925199	0	0.412099870899
10.633227	0.8569855	-0.0867512841795	0.242844092969	-0.0174532925199	0.0145445558788	1.06661143056
10.66656	0.8542415	-0.0773186898536	0.298225408923	-0.0174532925199	0.0581782235154	1.83020825017
10.699893	0.8518405	-0.0674573412401	0.367422278964	-0.0174532925199	0.189079226425	1.10297318388
10.733226	0.849611	-0.0533084497512	0.447933611405	0	0.189079226425	-1.10297318388
10.766559	0.848239	-0.0371587049204	0.511175501237	0	0.0581782235154	-1.83020825017
10.799892	0.8470385	-0.0181505981726	0.53678191614	0	0.0145445558788	-1.06661143056
10.833225	0.8470385	0.000571672383391	0.503195827755	0	0	-0.412099870899
10.866558	0.84721	0.0155780724474	0.459367173409	0	0	-0.0848440910675
10.899891	0.8480675	0.0304415544155	0.432450662859	0	0	-0.0121205844382
10.933224	0.849268	0.0441616916169	0.410893634498	0	0	-0.0121205844382
10.966557	0.850983	0.0583105831058	0.373377259175	0	0	-0.0848440910675
10.99989	0.8532125	0.070315703157	0.297391711693	0	0	-0.412099870899
11.033223	0.855785	0.0786049527162	0.203660323186	0	-0.0145445558788	-1.06661143056
11.066556	0.858529	0.0837500041667	0.111715428742	0	-0.0581782235154	-1.83020825017
11.099889	0.8614445	0.0858937756044	0.0287030046128	0	-0.189079226425	-1.10297318388
11.133222	0.86436	0.0848933489335	-0.0334669887809	-0.0174532925199	-0.189079226425	1.10297318388
11.166555	0.867104	0.0830354136875	-0.0852753166089	-0.0174532925199	-0.0581782235154	1.83020825017
11.199888	0.869848	0.0811774784414	-0.190678466328	-0.0174532925199	-0.0145445558788	1.06661143056
11.233221	0.8727635	0.0718878022114	-0.335146286226	-0.0174532925199	0	0.412099870899
11.266554	0.8748215	0.0568814021474	-0.425304686607	-0.0174532925199	0	0.0848440910675
11.299887	0.8765365	0.0414462477958	-0.452340296761	-0.0174532925199	0	0.0121205844382
11.33322	0.8775655	0.0261540115401	-0.453054894386	-0.0174532925199	0	0
11.366553	0.8782515	0.0117192838595	-0.459486273013	-0.0174532925199	0	0
11.399886	0.878423	-0.00457337906712	-0.462106464305	-0.0174532925199	0	0
11.433219	0.8779085	-0.0198656153228	-0.441859531591	-0.0174532925199	0	0
11.466552	0.877051	-0.0340145068117	-0.408868941227	-0.0174532925199	0	0
11.499885	0.875679	-0.0483063163965	-0.323593624618	-0.0174532925199	0	0
11.533218	0.8737925	-0.0590251735851	-0.150422800108	-0.0174532925199	0	0
11.566551	0.8713915	-0.0595968459685	0.0260828133203	-0.0174532925199	0	0
11.599884	0.8693335	-0.0485921525882	-0.0385882717616	-0.0174532925199	0	0
11.633217	0.868819	-0.0550234669013	-0.284290755231	-0.0174532925199	0	0.0121205844382
11.66655	0.8662465	-0.0764611812785	-0.291198532275	-0.0174532925199	0	0.0848440910675
11.699883	0.8631595	-0.083464167975	-0.0443050527633	-0.0174532925199	0	0.412099870899
11.733216	0.860244	-0.0777474441411	0.186748179389	-0.0174532925199	0.0145445558788	1.06661143056
11.766549	0.857843	-0.0655994059941	0.279645870667	-0.0174532925199	0.0581782235154	1.83020825017
11.799882	0.856128	-0.0584535012017	0.329786804036	-0.0174532925199	0.189079226425	1.10297318388
11.833215	0.853727	-0.0457337906712	0.413752024999	0	0.189079226425	-1.10297318388
11.866548	0.8528695	-0.0277261105944	0.414109323812	0	0.0581782235154	-1.83020825017
11.899881	0.8521835	-0.0165784991183	0.362658294796	0	0.0145445558788	-1.06661143056
11.933214	0.851669	-0.00485921525882	0.343959656937	0	0	-0.412099870899
11.966547	0.8518405	0.00814633146331	0.292151329108	0	0	-0.0848440910675
11.99988	0.852698	0.0092896762301	0.36587398411	0	0	-0.0121205844382
12.033213	0.8514975	0.0334428344283	0.420064304022	0	0	-0.0121205844382
12.066546	0.855442	0.0454479544795	0.277025679375	0	0	-0.0848440910675
12.099879	0.855099	0.0438758554252	0.31656674797	0	0	-0.412099870899
12.133212	0.8573285	0.066599832665	0.337885577122	0	-0.0145445558788	-1.06661143056
12.166545	0.8600725	0.0747461641283	0.155663182693	0	-0.0581782235154	-1.83020825017
12.199878	0.862645	0.0748890822242	0.0157211477547	0	-0.189079226425	-1.10297318388
12.233211	0.865046	0.0727453107864	-0.0528802242659	-0.0174532925199	-0.189079226425	1.10297318388
12.266544	0.867447	0.0710302936363	-0.0967088786123	-0.0174532925199	-0.0581782235154	1.83020825017
12.299877	0.869848	0.0674573412401	-0.1672158443	-0.0174532925199	-0.0145445558788	1.06661143056
12.33321	0.8720775	0.0597397640643	-0.240938499301	-0.0174532925199	0	0.412099870899
12.366543	0.8737925	0.0517363506968	-0.325737417494	-0.0174532925199	0	0.0848440910675
12.399876	0.875679	0.0388737220706	-0.425900184628	-0.0174532925199	0	0.0121205844382
12.433209	0.8765365	0.021580632473	-0.472825428683	-0.0174532925199	0	0
12.466542	0.877051	0.00557380573806	-0.465560352827	-0.0174532925199	0	0
12.499875	0.8768795	-0.00971843051764	-0.441859531591	-0.0174532925199	0	0
12.533208	0.876365	-0.0235814858149	-0.420659802043	-0.0174532925199	0	0
12.566541	0.875336	-0.0378732953996	-0.394815187931	-0.0174532925199	0	0
12.599874	0.8737925	-0.0505930059301	-0.34717534625	-0.0174532925199	0	0
12.633207	0.871906	-0.0613118631186	-0.284648054044	-0.0174532925199	0	0
12.66654	0.8696765	-0.070315703157	-0.196157048121	-0.0174532925199	0	0
12.699873	0.867104	-0.0751749184158	-0.0873000098803	-0.0174532925199	0	0
12.733206	0.8645315	-0.0757465907992	0.00809877308577	-0.0174532925199	0	0
12.766539	0.861959	-0.0730311469781	0.0589543040802	-0.0174532925199	0	0.0121205844382
12.799872	0.8597295	-0.071316129828	0.0931358904863	-0.0174532925199	0	0.0848440910675
12.833205	0.857157	-0.0678860955276	0.153162091004	-0.0174532925199	0	0.412099870899
12.866538	0.855099	-0.0613118631186	0.22247806065	-0.0174532925199	0.0145445558788	1.06661143056
12.899871	0.853041	-0.0530226135595	0.294533321193	-0.0174532925199	0.0581782235154	1.83020825017
12.933204	0.8514975	-0.0420179201792	0.370637968278	-0.0174532925199	0.189079226425	1.10297318388
12.966537	0.8501255	-0.0277261105944	0.425661985419	0	0.189079226425	-1.10297318388
12.99987	0.849611	-0.0120051200512	0.435785451777	0	0.0581782235154	-1.83020825017
13.033203	0.8494395	0.00128626286263	0.439596639111	0	0.0145445558788	-1.06661143056
13.066536	0.849611	0.0164355810225	0.460439069846	0	0	-0.412099870899
13.099869	0.8504685	0.0334428344283	0.442216830403	0	0	-0.0848440910675
13.133202	0.852012	0.0460196268629	0.413632925395	0	0	-0.0242411688764
13.166535	0.853384	0.0613118631186	0.380880534239	0	0	-0.0848440910675
13.199868	0.8562995	0.0723165564989	0.323236325805	0	0	-0.412099870899
13.233201	0.8583575	0.0791766250996	0.329548604828	0	-0.0145445558788	-1.06661143056
13.266534	0.86093	0.0996139128058	0.184366187305	0	-0.0581782235154	-1.83020825017
13.299867	0.865732	0.0997568309016	-0.164238354195	0	-0.189079226425	-1.10297318388
13.3332	0.8683045	0.0804628879622	-0.303465791508	-0.0174532925199	-0.189079226425	1.10297318388
13.366533	0.870534	0.0728882288823	-0.259279838349	-0.0174532925199	-0.0581782235154	1.83020825017
13.399866	0.8731065	0.0664569145691	-0.267497711039	-0.0174532925199	-0.0145445558788	1.06661143056
13.433199	0.8751645	0.056309729764	-0.305966883196	-0.0174532925199	0	0.412099870899
13.466532	0.8768795	0.0448762820962	-0.328357608786	-0.0174532925199	0	0.0848440910675
13.499865	0.87808	0.034729097291	-0.361109999942	-0.0174532925199	0	0.0121205844382
13.533198	0.8792805	0.0220093867605	-0.425900184628	-0.0174532925199	0	0
13.566531	0.8796235	0.00643131431314	-0.488070178021	-0.0174532925199	0	0
13.599864	0.879795	-0.0114334476678	-0.517487780259	-0.0174532925199	0	0
13.633197	0.8789375	-0.0311561448948	-0.462463763118	-0.0174532925199	0	0
13.66653	0.877394	-0.042160838275	-0.411608232123	-0.0174532925199	0	0
13.699863	0.8761935	-0.0554522211889	-0.43530905336	-0.0174532925199	0	0
13.733196	0.8737925	-0.0707444574446	-0.447695412197	-0.0174532925199	0	0
13.766529	0.8717345	-0.0908959089591	-0.298344508527	-0.0174532925199	0	0
13.799862	0.8672755	-0.0973272232722	0.0262019129245	-0.0174532925199	0	0
13.833195	0.8645315	-0.0838929222626	0.212592793501	-0.0174532925199	0	0.0121205844382
13.866528	0.861959	-0.0756036727034	0.192941358808	-0.0174532925199	0	0.0848440910675
13.899861	0.8597295	-0.0724594745947	0.185438083743	-0.0174532925199	0	0.412099870899
13.933194	0.8569855	-0.0664569145691	0.252133862096	-0.0174532925199	0.0145445558788	1.06661143056
13.966527	0.855099	-0.0548805488055	0.306562381217	-0.0174532925199	0.0581782235154	1.83020825017
13.99986	0.853384	-0.0441616916169	0.31430385549	-0.0174532925199	0.189079226425	1.10297318388
14.033193	0.8521835	-0.0338715887159	0.318115042825	0	0.189079226425	-1.10297318388
14.066526	0.8511545	-0.0241531581982	0.352415728835	0	0.0581782235154	-1.83020825017
14.099859	0.8504685	-0.011290529572	0.408868941227	0	0.0145445558788	-1.06661143056
14.133192	0.850297	0.00443046097128	0.426614782253	0	0	-0.412099870899
14.166525	0.8508115	0.0190081067477	0.389932104159	0	0	-0.0848440910675
14.199858	0.851669	0.0305844725114	0.341934963665	0	0	-0.0242411688764
14.233191	0.8528695	0.0411604116041	0.3060859828	0	0	-0.0848440910675
14.266524	0.854413	0.0510217602176	0.269998802727	0	0	-0.412099870899
14.299857	0.8562995	0.0598826821602	0.215451184002	0	-0.0145445558788	-1.06661143056
14.33319	0.858529	0.0651706517065	0.158402473589	0	-0.0581782235154	-1.83020825017
14.366523	0.860587	0.0707444574446	0.0868236114635	0	-0.189079226425	-1.10297318388
14.399856	0.863331	0.0730311469781	-0.0371590765111	-0.0174532925199	-0.189079226425	1.10297318388
14.433189	0.865732	0.0674573412401	-0.139584736125	-0.0174532925199	-0.0581782235154	1.83020825017
14.466522	0.86779	0.0617406174062	-0.188653773057	-0.0174532925199	-0.0145445558788	1.06661143056
14.499855	0.869848	0.0551663849972	-0.236174515133	-0.0174532925199	0	0.412099870899
14.533188	0.871563	0.0460196268629	-0.278931273042	-0.0174532925199	0	0.0848440910675
14.566521	0.872935	0.0360153601536	-0.308706174093	-0.0174532925199	0	0.0121205844382
14.599854	0.873964	0.0254394210609	-0.337647377914	-0.0174532925199	0	0
14.633187	0.87465	0.0140059733931	-0.374449155612	-0.0174532925199	0	0
14.66652	0.874993	0	-0.392433195847	-0.0174532925199	0	0
14.699853	0.87465	-0.0138630552972	-0.360633601525	-0.0174532925199	0	0
14.733186	0.873964	-0.0247248305816	-0.307634277655	-0.0174532925199	0	0
14.766519	0.872935	-0.0335857525242	-0.271427997977	-0.0174532925199	0	0
14.799852	0.8717345	-0.0420179201792	-0.255230451806	-0.0174532925199	0	0
14.833185	0.870191	-0.051593432601	-0.215332084398	-0.0174532925199	0	0
14.866518	0.868133	-0.0568814021474	-0.155067684672	-0.0174532925199	0	0
14.899851	0.866418	-0.0615976993103	-0.0948032849451	-0.0174532925199	0	0
14.933184	0.864017	-0.0653135698024	0.0273929089665	-0.0174532925199	0	0
14.966517	0.8617875	-0.0597397640643	0.141252130584	-0.0174532925199	0	0
14.99985	0.8600725	-0.0554522211889	0.233673423445	-0.0174532925199	0	0.0121205844382
15.033183	0.8576715	-0.0397312306456	0.220334267774	-0.0174532925199	0	0.0848440910675
15.066516	0.858186	-0.0417320839875	0.220810666191	-0.0174532925199	0	0.412099870899
15.099849	0.854413	-0.0320136534699	0.382190629885	-0.0174532925199	0.0145445558788	1.06661143056
15.133182	0.855442	-0.00757465907992	0.327881210369	-0.0174532925199	0.0581782235154	1.83020825017
15.166515	0.8549275	-0.00786049527162	0.215808482815	-0.0174532925199	0.189079226425	1.10297318388
15.199848	0.8545845	0.000142918095848	0.254634953785	0	0.189079226425	-1.10297318388
15.233181	0.854756	0.0107188571886	0.262019129245	0	0.0581782235154	-1.83020825017
15.266514	0.855442	0.0195797791311	0.221644363421	0	0.0145445558788	-1.06661143056
15.299847	0.856128	0.0248677486775	0.19186946237	0	0	-0.424220455338
15.33318	0.8569855	0.03372867062	0.135416249978	0	0	-0.169688182135
15.366513	0.858872	0.030012800128	0.166858545488	0	0	-0.424220455338
15.399846	0.858186	0.0451621182878	0.1955615501	0	-0.0145445558788	-1.06661143056
15.433179	0.862302	0.0501642516425	0.057644208434	0	-0.0581782235154	-1.83020825017
15.466512	0.8621305	0.0410174935083	0.109333436658	0	-0.189079226425	-1.10297318388
15.499845	0.864017	0.056309729764	0.172575326489	-0.0174532925199	-0.189079226425	1.10297318388
15.533178	0.8662465	0.0613118631186	0.0164357453799	-0.0174532925199	-0.0581782235154	1.83020825017
15.566511	0.868476	0.0574530745307	-0.154710385859	-0.0174532925199	-0.0145445558788	1.06661143056
15.599844	0.870191	0.0477346440131	-0.251061965659	-0.0174532925199	0	0.412099870899
15.633177	0.871563	0.0394453944539	-0.294533321193	-0.0174532925199	0	0.0848440910675
15.66651	0.872935	0.028154864882	-0.325856517098	-0.0174532925199	0	0.0121205844382
15.699843	0.8734495	0.0165784991183	-0.323831823826	-0.0174532925199	0	0
15.733176	0.873964	0.00671715050484	-0.323355425409	-0.0174532925199	0	0
15.766509	0.873964	-0.00471629716297	-0.327285712348	-0.0174532925199	0	0
15.799842	0.873621	-0.0154351543515	-0.321211632534	-0.0174532925199	0	0
15.833175	0.872935	-0.0261540115401	-0.308587074488	-0.0174532925199	0	0
15.866508	0.871906	-0.0370157868245	-0.265234818559	-0.0174532925199	0	0
15.899841	0.8703625	-0.0447333640003	-0.198300840997	-0.0174532925199	0	0
15.933174	0.868819	-0.0493067430674	-0.155067684672	-0.0174532925199	0	0
15.966507	0.867104	-0.0541659583262	-0.134463453145	-0.0174532925199	0	0
15.99984	0.8652175	-0.0587393373934	-0.100996464364	-0.0174532925199	0	0
16.033173	0.8631595	-0.0621693716937	-0.0317995943221	-0.0174532925199	0	0
16.066506	0.86093	-0.0611689450228	0.0499027341608	-0.0174532925199	0	0
16.099839	0.8590435	-0.0583105831058	0.119576002619	-0.0174532925199	0	0
16.133172	0.8569855	-0.0531655316553	0.187820075827	-0.0174532925199	0	0.0121205844382
16.166505	0.855442	-0.0457337906712	0.252252961701	-0.0174532925199	0	0.0848440910675
16.199838	0.8538985	-0.036587032537	0.317281345595	-0.0174532925199	0	0.412099870899
16.233171	0.8528695	-0.0237244039107	0.35539321894	-0.0174532925199	0.0145445558788	1.06661143056
16.266504	0.852355	-0.0114334476678	0.351939330418	-0.0174532925199	0.0581782235154	1.83020825017
16.299837	0.8521835	-0.000857508575086	0.355750517753	-0.0174532925199	0.189079226425	1.10297318388
16.33317	0.8521835	0.0122909562429	0.353011226856	0	0.189079226425	-1.10297318388
16.366503	0.853041	0.0241531581983	0.310969066572	0	0.0581782235154	-1.83020825017
16.399836	0.8538985	0.0331569982367	0.262376428058	0	0.0145445558788	-1.078732015
16.433169	0.8552705	0.0410174935083	0.228194841652	0	0	-0.496943961967
16.466502	0.8566425	0.0483063163965	0.196037948517	0	0	-0.496943961967
16.499835	0.858529	0.0541659583263	0.159950768444	0	-0.0145445558788	-1.078732015
16.533168	0.860244	0.0597397640643	0.101711061989	0	-0.0581782235154	-1.83020825017
16.566501	0.862645	0.0613118631186	0.0323950923431	0	-0.189079226425	-1.10297318388
16.599834	0.86436	0.0613118631186	-0.018222239443	-0.0174532925199	-0.189079226425	1.10297318388
16.633167	0.866761	0.0597397640643	-0.0421612598876	-0.0174532925199	-0.0581782235154	1.83020825017
16.6665	0.868476	0.056309729764	-0.0092897691278	-0.0174532925199	-0.0145445558788	1.06661143056
16.699833	0.8703625	0.0567384840515	0.0510937302028	-0.0174532925199	0	0.412099870899
16.733166	0.8717345	0.0678860955276	-0.115169317264	-0.0174532925199	0	0.0848440910675
16.766499	0.875679	0.0574530745307	-0.490928568522	-0.0174532925199	0	0.0121205844382
16.799832	0.876365	0.025296502965	-0.608718077078	-0.0174532925199	0	0
16.833165	0.876708	0.00814633146332	-0.480924201769	-0.0174532925199	0	0
16.866498	0.876708	-0.00371587049204	-0.394815187931	-0.0174532925199	0	0
16.899831	0.8765365	-0.0151493181598	-0.380880534239	-0.0174532925199	0	0
16.933164	0.8758505	-0.0302986363197	-0.352892127252	-0.0174532925199	0	0
16.966497	0.874307	-0.0398741487415	-0.30465678755	-0.0174532925199	0	0
16.99983	0.8731065	-0.0484492344923	-0.297987209714	-0.0174532925199	0	0
17.033163	0.87122	-0.0585964192975	-0.304418588341	-0.0174532925199	0	0
17.066496	0.869505	-0.0756036727034	-0.143991421481	-0.0174532925199	0	0
17.099829	0.8652175	-0.0683148498152	0.027631108175	-0.0174532925199	0	0
17.133162	0.8652175	-0.0658852421858	0.0103616655656	-0.0174532925199	0	0
17.166495	0.861273	-0.0728882288823	0.11195362795	-0.0174532925199	0	0
17.199828	0.859558	-0.0598826821602	0.237603710384	-0.0174532925199	0	0
17.233161	0.8575	-0.0521651049844	0.247846276345	-0.0174532925199	0	0.0121205844382
17.266494	0.856128	-0.0437329373294	0.259637137161	-0.0174532925199	0	0.0848440910675
17.299827	0.8545845	-0.0361582782495	0.29417602238	-0.0174532925199	0	0.412099870899
17.33316	0.8535555	-0.0240102401024	0.330382302057	-0.0174532925199	0.0145445558788	1.06661143056
17.366493	0.853041	-0.0130055467221	0.337409178705	-0.0174532925199	0.0581782235154	1.83020825017
17.399826	0.852698	-0.00185793524602	0.348723641105	-0.0174532925199	0.189079226425	1.10297318388
17.433159	0.8528695	0.010290102901	0.353844924085	0	0.189079226425	-1.10297318388
17.466492	0.853384	0.0224381410481	0.337885577122	0	0.0581782235154	-1.84232883461
17.499825	0.854413	0.0332999163325	0.300488301403	0	0.0145445558788	-1.15145552163
17.533158	0.8556135	0.0430183468501	0.241533997322	0	0	-0.824199741799
17.566491	0.8573285	0.0507359240259	0.147683509211	0	-0.0145445558788	-1.15145552163
17.599824	0.859215	0.0521651049844	0.0719361609382	0	-0.0581782235154	-1.84232883461
17.633157	0.8607585	0.0540230402304	0.0360871800733	0	-0.189079226425	-1.10297318388
17.66649	0.8628165	0.0551663849972	-0.0107189643782	-0.0174532925199	-0.189079226425	1.10297318388
17.699823	0.8645315	0.0535942859429	-0.0631227902273	-0.0174532925199	-0.0581782235154	1.83020825017
17.733156	0.866418	0.0507359240259	-0.111834528346	-0.0174532925199	-0.0145445558788	1.06661143056
17.766489	0.8679615	0.0460196268629	-0.157330577151	-0.0174532925199	0	0.412099870899
17.799822	0.869505	0.040302903029	-0.20235022754	-0.0174532925199	0	0.0848440910675
17.833155	0.8707055	0.0325853258533	-0.244630587032	-0.0174532925199	0	0.0121205844382
17.866488	0.8717345	0.0232956496232	-0.266187615392	-0.0174532925199	0	0
17.899821	0.872249	0.0140059733931	-0.26725951183	-0.0174532925199	0	0
17.933154	0.872592	0.0062883962173	-0.288340141774	-0.0174532925199	0	0
17.966487	0.8727635	-0.00414462477958	-0.33216879612	-0.0174532925199	0	0
17.99982	0.8724205	-0.0171501715017	-0.338123776331	-0.0174532925199	0	0
18.033153	0.871563	-0.0287265372654	-0.285719950482	-0.0174532925199	0	0
18.066486	0.8703625	-0.0361582782495	-0.226884746006	-0.0174532925199	0	0
18.099819	0.869162	-0.043161264946	-0.18222239443	-0.0174532925199	0	0
18.133152	0.867447	-0.0484492344923	-0.134701652353	-0.0174532925199	0	0
18.166485	0.8659035	-0.0525938592719	-0.0752709498559	-0.0174532925199	0	0
18.199818	0.8638455	-0.0535942859429	-0.0095279683362	-0.0174532925199	0	0
18.233151	0.862302	-0.0531655316553	0.0575251088298	-0.0174532925199	0	0
18.266484	0.860244	-0.0501642516425	0.132557859477	-0.0174532925199	0	0
18.299817	0.858872	-0.0443046097128	0.196633446538	-0.0174532925199	0	0
18.33315	0.857157	-0.0351578515785	0.207590610125	-0.0174532925199	0	0
18.366483	0.8566425	-0.0285836191695	0.173766322531	-0.0174532925199	0	0
18.399816	0.855442	-0.0264398477318	0.216761279648	-0.0174532925199	0	0
18.433149	0.8545845	-0.0167214172142	0.33895747356	-0.0174532925199	0	0
18.466482	0.8542415	-0.00285836191695	0.44043033634	-0.0174532925199	0	0
18.499815	0.854413	0.012148038147	0.520107971552	-0.0174532925199	0	0
18.533148	0.8545845	0.0371587049204	0.430306869983	-0.0174532925199	0	0
18.566481	0.8573285	0.0493067430674	0.122553492724	-0.0174532925199	0	0
18.599814	0.8587005	0.0394453944539	-0.0297749010506	-0.0174532925199	0	0
18.633147	0.859558	0.0383020496872	0.060026200518	-0.0174532925199	0	0
18.66648	0.86093	0.0451621182879	0.124459086392	-0.0174532925199	0	0
18.699813	0.862645	0.0514505145051	0.0521656266407	-0.0174532925199	0	0
18.733146	0.8645315	0.0513075964093	-0.108142440616	-0.0174532925199	0	0
18.766479	0.8662465	0.0447333640003	-0.262495527662	-0.0174532925199	0	0
18.799812	0.8679615	0.0274402744027	-0.232839726216	-0.0174532925199	0	0
18.833145	0.8676185	0.0221523048564	-0.0184604386514	-0.0174532925199	0	0
18.866478	0.868819	0.032871162045	0.0277502077792	-0.0174532925199	0	0
18.899811	0.8703625	0.0305844725114	-0.108023341012	-0.0174532925199	0	0
18.933144	0.8710485	0.0227239772398	-0.194489653663	-0.0174532925199	0	0
18.966477	0.8717345	0.0162926629266	-0.245345184657	-0.0174532925199	0	0
18.99981	0.872249	0.00671715050484	-0.284409854835	-0.0174532925199	0	0
19.033143	0.872249	-0.00414462477958	-0.277502077792	-0.0174532925199	0	0
19.066476	0.871906	-0.0132913829138	-0.231529630569	-0.0174532925199	0	0
19.099809	0.87122	-0.018722270556	-0.206161414874	-0.0174532925199	0	0
19.133142	0.8707055	-0.0251535848692	-0.227599343631	-0.0174532925199	0	0
19.166475	0.8696765	-0.034729097291	-0.228313941256	-0.0174532925199	0	0
19.199808	0.8683045	-0.0421608382751	-0.180674099575	-0.0174532925199	0	0
19.233141	0.866761	-0.0465912992463	-0.12922307056	-0.0174532925199	0	0
19.266474	0.8652175	-0.0505930059301	-0.0780102407526	-0.0174532925199	0	0
19.299807	0.863331	-0.0524509411761	-0.0114335620034	-0.0174532925199	0	0
19.33314	0.861616	-0.0511646783135	0.0510937302028	-0.0174532925199	0	0
19.366473	0.859901	-0.0485921525882	0.103973954469	-0.0174532925199	0	0
19.399806	0.8583575	-0.0447333640003	0.167692242717	-0.0174532925199	0	0
19.433139	0.856814	-0.0375874592079	0.231172331757	-0.0174532925199	0	0
19.466472	0.855785	-0.0282977829778	0.262495527662	-0.0174532925199	0	0
19.499805	0.8549275	-0.0188651886519	0.25761244389	-0.0174532925199	0	0
19.533138	0.8545845	-0.0108617752844	0.244035089011	-0.0174532925199	0	0
19.566471	0.8542415	-0.00371587049204	0.25761244389	-0.0174532925199	0	0
19.599804	0.8542415	0.00585964192975	0.28000316948	-0.0174532925199	0	0
19.633137	0.8545845	0.0164355810225	0.263686523704	-0.0174532925199	0	0
19.66647	0.855442	0.0244389943899	0.219262371337	-0.0174532925199	0	0
19.699803	0.8562995	0.0298698820322	0.200921032289	-0.0174532925199	0	0
19.733136	0.8573285	0.0375874592079	0.188296474244	-0.0174532925199	0	0
19.766469	0.858872	0.0433041830418	0.153162091004	-0.0174532925199	0	0
19.799802	0.860244	0.0480204802048	0.110048034283	-0.0174532925199	0	0
19.833135	0.8621305	0.0507359240259	0.0620032539478	-0.0174532925199	0	0
19.866468	0.863674	0.0517363506968	0.0240938499301	-0.0174532925199	0	0
19.899801	0.8655605	0.0525938592719	-0.0193060458412	-0.0174532925199	0	0
19.933134	0.8672755	0.0506787567876	-0.0640636771005	-0.0174532925199	0	0
19.966467	0.8689905	0.0475202668693	-0.0881813469515	-0.0174532925199	0	0
19.9998	0.8703625	0.0440187735211	-0.100115127293	-0.0174532925199	0	0
