0.05	0.841379	-0.0802238888889	-0.142482623457	0.0349065850399	1.08598264569	2.24630338914
0.1	0.837606	-0.0868456944444	-0.144541682099	0.0872664625997	1.16840097147	2.80383912242
0.15	0.833147	-0.0959256666667	-0.123622916667	0.13962634016	1.36717458073	3.03331759814
0.2	0.8278305	-0.101756666667	-0.0577647993827	0.226892802759	1.52231495868	2.3728936281
0.25	0.8226855	-0.1020425	0.0220673919753	0.296705972839	1.59988514766	1.58103128228
0.3	0.8175405	-0.0992794444444	0.101089722222	0.383972435439	1.69684788388	0.285501389987
0.35	0.812567	-0.0918477777778	0.17965154321	0.471238898038	1.67745533664	-1.92848108708
0.4	0.8082795	-0.0816530555556	0.262649074074	0.558505360638	1.51261868506	-4.29329448716
0.45	0.8041635	-0.0660275	0.34855787037	0.628318530718	1.21203420277	-5.93088736557
0.5	0.8014195	-0.0450663888889	0.398208179012	0.680678408278	0.872664625997	-6.5126637829
0.55	0.7997045	-0.0242958333333	0.407947685185	0.715584993318	0.53329504922	-6.42108786536
0.6	0.7990185	-0.00381111111111	0.402548611111	0.733038285838	0.213318019688	-5.96859509633
0.65	0.7993615	0.0158161111111	0.394132407407	0.733038285838	-0.0387850944888	-5.93627418425
0.7	0.800562	0.0358244444444	0.37687654321	0.733038285838	-0.358762124021	-6.23793603028
0.75	0.802963	0.05488	0.330084567901	0.698131700798	-0.688435427176	-6.03862373915
0.8	0.8062215	0.0701244444444	0.25465632716	0.663225115758	-0.998716183086	-5.11747774505
0.85	0.810166	0.0807002777778	0.168429938272	0.593411945678	-1.21203420277	-3.80848080605
0.9	0.8144535	0.0869886111111	0.0817800925926	0.541052068118	-1.37687085435	-2.46716295498
0.95	0.819084	0.0883225	0.0056637345679	0.453785605519	-1.4835298642	-0.781088708454
1	0.8233715	0.0868933333333	-0.0591780864198	0.383972435439	-1.42535222246	0.301661846024
1.05	0.8278305	0.0831775	-0.136882407407	0.314159265359	-1.40595967522	0.549455505257
1.1	0.8319465	0.073745	-0.221785493827	0.244346095279	-1.38656712797	1.0773637358
1.15	0.8353765	0.0602155555556	-0.288374074074	0.174532925199	-1.33808575986	2.30017157593
1.2	0.8381205	0.0432561111111	-0.319339351852	0.10471975512	-1.17324910829	3.83541489944
1.25	0.839664	0.0266777777778	-0.31600462963	0.0523598775598	-0.911449720486	4.67575861337
1.3	0.840693	0.0117191666667	-0.309705709877	0.0174532925199	-0.688435427176	5.17673275051
1.35	0.8408645	-0.00371583333333	-0.310023302469	-0.0174532925199	-0.436332312999	6.2325492116
1.4	0.84035	-0.0194366666667	-0.303247993827	-0.0349065850399	-0.0387850944888	6.76045744214
1.45	0.838978	-0.0356338888889	-0.264237037037	-0.0174532925199	0.300584482288	6.22177557424
1.5	0.836577	-0.0474483333333	-0.194419598765	0	0.562383870087	5.89317963482
1.55	0.8340045	-0.0544036111111	-0.135347376543	0.0349065850399	0.872664625997	5.75312234917
1.6	0.831089	-0.0597391666667	-0.0984537037037	0.0872664625997	1.17324910829	5.00435455279
1.65	0.828002	-0.0638361111111	-0.0691293209877	0.157079632679	1.38656712797	3.92160399831
1.7	0.8247435	-0.0678377777778	-0.0192672839506	0.226892802759	1.56110005317	2.74189070761
1.75	0.8209705	-0.0667897222222	0.0482740740741	0.314159265359	1.68715161026	1.03965600505
1.8	0.8178835	-0.0618352777778	0.0945896604938	0.401425727959	1.68715161026	-1.03965600505
1.85	0.8147965	-0.0562138888889	0.117668055556	0.488692190558	1.56110005317	-2.74727752629
1.9	0.812224	-0.049735	0.131271604938	0.558505360638	1.38656712797	-3.95931172906
1.95	0.809823	-0.0430655555556	0.145563271605	0.628318530718	1.17324910829	-5.18211956919
2	0.8079365	-0.0361102777778	0.176740277778	0.680678408278	0.862968352375	-6.19484148084
2.05	0.80605	-0.0260108333333	0.217550925926	0.715584993318	0.523598775598	-6.56114515102
2.1	0.8051925	-0.0130530555556	0.234436265432	0.733038285838	0.184229198822	-6.42108786536
2.15	0.8048495	-0.00161972222222	0.232107253086	0.733038285838	-0.135747830711	-5.93088736557
2.2	0.805021	0.0100041666667	0.229725308642	0.715584993318	-0.387850944888	-5.74234871181
2.25	0.8058785	0.0210563888889	0.231207407407	0.698131700798	-0.698131700798	-5.68848052502
2.3	0.807079	0.0329661111111	0.233430555556	0.645771823238	-0.998716183086	-4.85352362977
2.35	0.809137	0.0453522222222	0.214904320988	0.593411945678	-1.20233792915	-3.63610260832
2.4	0.8117095	0.0555469444444	0.173511419753	0.523598775598	-1.35747830711	-2.44022886158
2.45	0.8147965	0.0632644444444	0.120208796296	0.453785605519	-1.42535222246	-1.55679059823
2.5	0.8182265	0.0669802777778	0.0759046296296	0.383972435439	-1.52231495868	-0.500974137147
2.55	0.821485	0.0701244444444	0.0429808641975	0.296705972839	-1.51261868506	1.15816601598
2.6	0.825258	0.0721252777778	-0.00640478395062	0.226892802759	-1.38656712797	2.40790794951
2.65	0.8288595	0.0705055555556	-0.0769103395062	0.157079632679	-1.23142675002	2.94120299873
2.7	0.832461	0.0648841666667	-0.156626080247	0.10471975512	-1.07628637206	3.18360983929
2.75	0.835548	0.0545941666667	-0.227343364198	0.0523598775598	-0.959931088597	4.22326584433
2.8	0.8381205	0.0403025	-0.261219907407	0	-0.678739153553	5.68848052502
2.85	0.8394925	0.0268683333333	-0.264289969136	-0.0174532925199	-0.349065850399	6.37260649725
2.9	0.840693	0.0150538888889	-0.284986419753	-0.0349065850399	-0.00969627362219	6.38876695329
2.95	0.8412075	-0.000666944444444	-0.320503858025	-0.0174532925199	0.31028075591	5.96320827765
3	0.840693	-0.0178169444444	-0.338818364198	0	0.562383870087	5.93088736557
3.05	0.8394925	-0.0362055555556	-0.322727006173	0.0349065850399	0.882360899619	6.18945466217
3.1	0.83692	-0.0515452777778	-0.275035185185	0.0872664625997	1.21203420277	5.78005644256
3.15	0.834176	-0.0633597222222	-0.229248919753	0.157079632679	1.51261868506	4.26097357508
3.2	0.8305745	-0.0742213888889	-0.185368209877	0.244346095279	1.67745533664	1.9230942684
3.25	0.82663	-0.0821294444444	-0.134288734568	0.331612557879	1.69684788388	-0.296275027345
3.3	0.8223425	-0.0886083333333	-0.0625657407407	0.418879020479	1.59988514766	-1.66452697181
3.35	0.8175405	-0.0897516666667	0.0349351851852	0.488692190558	1.52231495868	-2.76343798232
3.4	0.8130815	-0.0846066666667	0.123278858025	0.575958653158	1.34778203348	-4.16401083886
3.45	0.8089655	-0.0762222222222	0.189285185185	0.628318530718	1.07628637206	-5.04206228354
3.5	0.805364	-0.0650747222222	0.243487654321	0.680678408278	0.833879531508	-5.70464098106
3.55	0.8024485	-0.0525933333333	0.308435339506	0.715584993318	0.513902501976	-6.38338013461
3.6	0.799876	-0.0351575	0.386033796296	0.733038285838	0.174532925199	-6.59885288177
3.65	0.7986755	-0.0124813888889	0.432878703704	0.733038285838	-0.164836651577	-6.42108786536
3.7	0.7986755	0.0100994444444	0.43690154321	0.715584993318	-0.48481368111	-5.88779281614
3.75	0.7997045	0.0321086111111	0.41546404321	0.680678408278	-0.736916795286	-5.51610232729
3.8	0.801934	0.0526886111111	0.370789351852	0.645771823238	-1.03750127757	-4.98819409675
3.85	0.8051925	0.0689811111111	0.32500308642	0.575958653158	-1.29930066537	-3.33982758098
3.9	0.808794	0.0849877777778	0.276358487654	0.506145483078	-1.37687085435	-1.62681924106
3.95	0.8137675	0.0984219444444	0.19034382716	0.436332312999	-1.40595967522	-0.888825082034
4	0.8189125	0.1054725	0.0743695987654	0.366519142919	-1.43504849608	-0.667965516195
4.05	0.824572	0.106234722222	-0.0497032407407	0.296705972839	-1.51261868506	0.247793659234
4.1	0.8298885	0.0991841666667	-0.1500625	0.209439510239	-1.47383359057	2.27323748254
4.15	0.834519	0.0899422222222	-0.225755401235	0.13962634016	-1.25081929726	3.75461261926
4.2	0.838978	0.0775561111111	-0.313675617284	0.0872664625997	-1.0471975512	4.28790766848
4.25	0.8425795	0.0586911111111	-0.398896296296	0.0349065850399	-0.833879531508	4.86429726713
4.3	0.8449805	0.0363961111111	-0.45532191358	0	-0.552687596465	5.26830866806
4.35	0.8463525	0.0112427777778	-0.469348919753	-0.0174532925199	-0.31028075591	5.74773553049
4.4	0.8460095	-0.0122908333333	-0.444523765432	-0.0349065850399	0.00969627362219	6.38876695329
4.45	0.8449805	-0.0330613888889	-0.414670061728	-0.0174532925199	0.349065850399	6.59346606309
4.5	0.842751	-0.0538319444444	-0.378358641975	0	0.688435427176	6.37799331593
4.55	0.8394925	-0.07203	-0.318651234568	0.0523598775598	1.00841245671	5.66154643162
4.6	0.8353765	-0.0863216666667	-0.241476234568	0.10471975512	1.25081929726	4.81581589902
4.65	0.830746	-0.0969927777778	-0.14450462963	0.174532925199	1.51261868506	3.46372441059
4.7	0.8254295	-0.101661388889	-0.0310182098765	0.261799387799	1.64836651577	1.25512875221
4.75	0.8202845	-0.0995652777778	0.0713524691358	0.349065850399	1.59988514766	-0.301661846024
4.8	0.815311	-0.0932769444444	0.149427314815	0.418879020479	1.57079632679	-1.03426918637
4.85	0.810852	-0.0838444444444	0.211940123457	0.506145483078	1.52231495868	-2.1547274716
4.9	0.8069075	-0.0727922222222	0.28339845679	0.575958653158	1.37687085435	-3.70613125115
4.95	0.803306	-0.0561186111111	0.360626388889	0.645771823238	1.16355283466	-5.48378141522
5	0.8010765	-0.0348716666667	0.399690277778	0.698131700798	0.824183257886	-7.00825110137
5.05	0.799876	-0.0141963888889	0.39789058642	0.733038285838	0.39754721851	-7.22911066721
5.1	0.7997045	0.00562138888889	0.377776388889	0.733038285838	0.048481368111	-6.40492740932
5.15	0.800562	0.0230572222222	0.362373148148	0.733038285838	-0.213318019688	-5.93088736557
5.2	0.801934	0.0414458333333	0.349616512346	0.715584993318	-0.523598775598	-5.75850916785
5.25	0.804678	0.0596438888889	0.303777314815	0.680678408278	-0.824183257886	-5.01512819014
5.3	0.808108	0.0734591666667	0.222897067901	0.628318530718	-1.03750127757	-4.00240627849
5.35	0.812224	0.08232	0.12947191358	0.575958653158	-1.21203420277	-3.15667574589
5.4	0.8165115	0.0865122222222	0.0352527777778	0.506145483078	-1.35747830711	-2.2570770265
5.45	0.821142	0.0849877777778	-0.0409694444444	0.436332312999	-1.42535222246	-1.51908286748
5.5	0.8250865	0.0809861111111	-0.0912020061728	0.366519142919	-1.52231495868	-0.490200499789
5.55	0.8292025	0.0765080555556	-0.151015277778	0.279252680319	-1.51261868506	1.19587374674
5.6	0.8329755	0.066885	-0.225914197531	0.209439510239	-1.38656712797	2.5910597846
5.65	0.8360625	0.0533555555556	-0.287315432099	0.13962634016	-1.2217304764	3.41524304248
5.7	0.8384635	0.0364913888889	-0.313940277778	0.0872664625997	-1.03750127757	3.99701945981
5.75	0.839664	0.0201988888889	-0.30356558642	0.0349065850399	-0.833879531508	4.7188531628
5.8	0.84035	0.00628833333333	-0.291073611111	0	-0.552687596465	5.23598775598
5.85	0.84035	-0.00838444444444	-0.284721759259	-0.0174532925199	-0.31028075591	5.74234871181
5.9	0.8394925	-0.0224855555556	-0.269953703704	-0.0349065850399	0.00969627362219	6.38338013461
5.95	0.8381205	-0.0363961111111	-0.233642283951	-0.0174532925199	0.349065850399	6.55575833234
6	0.8357195	-0.0472577777778	-0.170123765432	0	0.688435427176	6.20022829952
6.05	0.833147	-0.0529744444444	-0.113433487654	0.0523598775598	0.998716183086	5.22521411863
6.1	0.830403	-0.0575477777778	-0.0763810185185	0.10471975512	1.21203420277	4.18555811358
6.15	0.827316	-0.0602155555556	-0.0473742283951	0.174532925199	1.3962634016	3.44756395456
6.2	0.8244005	-0.0625975	-0.0123861111111	0.244346095279	1.56110005317	2.55335205384
6.25	0.8209705	-0.0626927777778	0.0436689814815	0.331612557879	1.68715161026	0.96424054354
6.3	0.8178835	-0.0579288888889	0.0930016975309	0.418879020479	1.68715161026	-1.22819465881
6.35	0.8151395	-0.0518311111111	0.112533641975	0.506145483078	1.55140377955	-3.22131757004
6.4	0.8127385	-0.0461144444444	0.118991358025	0.575958653158	1.34778203348	-4.77272134959
6.45	0.810509	-0.0400166666667	0.127725154321	0.645771823238	1.0471975512	-5.67770688766
6.5	0.808794	-0.0343952777778	0.15694367284	0.680678408278	0.736916795286	-5.73696189313
6.55	0.8069075	-0.0254391666667	0.204847222222	0.715584993318	0.48481368111	-5.89317963482
6.6	0.80605	-0.0126719444444	0.228984259259	0.733038285838	0.164836651577	-6.23793603028
6.65	0.805707	-0.0008575	0.22167962963	0.733038285838	-0.164836651577	-6.08710510726
6.7	0.80605	0.00962305555556	0.209822839506	0.715584993318	-0.475117407487	-5.38143186032
6.75	0.806736	0.018865	0.218080246914	0.680678408278	-0.698131700798	-4.70269270676
6.8	0.807765	0.0310605555556	0.231419135802	0.645771823238	-0.911449720486	-4.53031450903
6.85	0.809823	0.0435419444444	0.214480864198	0.593411945678	-1.17324910829	-3.9754721851
6.9	0.812224	0.0537366666667	0.171711728395	0.523598775598	-1.34778203348	-2.73111707025
6.95	0.815311	0.0612636111111	0.117138734568	0.453785605519	-1.42535222246	-1.70223470256
7	0.8185695	0.0644077777778	0.0791864197531	0.383972435439	-1.52231495868	-0.527908230541
7.05	0.8216565	0.0684094444444	0.0529850308642	0.296705972839	-1.51261868506	1.18510010938
7.1	0.8254295	0.0712677777778	-0.00132330246914	0.226892802759	-1.38656712797	2.55335205384
7.15	0.829031	0.0691716666667	-0.0748989197531	0.157079632679	-1.2217304764	3.2320912074
7.2	0.832461	0.0636455555556	-0.148156944444	0.10471975512	-1.0471975512	3.52297941606
7.25	0.835548	0.0543083333333	-0.215698302469	0.0523598775598	-0.872664625997	3.90005672359
7.3	0.8381205	0.0404930555556	-0.251321604938	0.0174532925199	-0.678739153553	4.70807952544
7.35	0.8394925	0.0278211111111	-0.260637654321	-0.0174532925199	-0.436332312999	6.04939737651
7.4	0.8408645	0.015435	-0.284351234568	-0.0349065850399	-0.0387850944888	6.72274971139
7.45	0.8412075	-0.000190555555555	-0.31341095679	-0.0174532925199	0.300584482288	6.21638875556
7.5	0.8408645	-0.0164830555556	-0.328708333333	0	0.562383870087	5.89317963482
7.55	0.839664	-0.0344905555556	-0.313675617284	0.0349065850399	0.872664625997	5.74773553049
7.6	0.837263	-0.0494491666667	-0.26667191358	0.0872664625997	1.17324910829	4.97203364071
7.65	0.834519	-0.0605013888889	-0.226919907407	0.157079632679	1.38656712797	3.77615989398
7.7	0.8312605	-0.0715536111111	-0.193572685185	0.226892802759	1.55140377955	2.45100249894
7.75	0.827316	-0.0808908333333	-0.139846604938	0.314159265359	1.65806278939	0.700286428269
7.8	0.8230285	-0.0867980555556	-0.0612424382716	0.401425727959	1.59988514766	-0.716446884306
7.85	0.818398	-0.0873697222222	0.0265719135802	0.471238898038	1.56110005317	-1.76687652671
7.9	0.8141105	-0.0833680555556	0.101312037037	0.558505360638	1.47383359057	-3.63071578964
7.95	0.8099945	-0.0769844444444	0.169488580247	0.628318530718	1.20233792915	-5.4891682339
8	0.8062215	-0.0663133333333	0.234912654321	0.680678408278	0.872664625997	-6.3348987665
8.05	0.803306	-0.0534508333333	0.299013425926	0.715584993318	0.53329504922	-6.38338013461
8.1	0.8007335	-0.0369677777778	0.368777932099	0.733038285838	0.213318019688	-5.96320827765
8.15	0.7993615	-0.0155302777778	0.414987654321	0.733038285838	-0.0387850944888	-5.93088736557
8.2	0.79919	0.00638361111111	0.421710030864	0.733038285838	-0.358762124021	-6.20022829952
8.25	0.8000475	0.02744	0.405195216049	0.698131700798	-0.688435427176	-5.86085872275
8.3	0.801934	0.0478294444444	0.367295833333	0.663225115758	-0.989019909463	-4.68114543205
8.35	0.805021	0.0645030555556	0.319815740741	0.593411945678	-1.17324910829	-3.17822302061
8.4	0.808451	0.0792711111111	0.274770524691	0.541052068118	-1.26051557088	-2.44561568026
8.45	0.81291	0.0933722222222	0.198971759259	0.471238898038	-1.3962634016	-2.04699109802
8.5	0.818055	0.101280277778	0.0829975308642	0.401425727959	-1.51261868506	-0.824183257886
8.55	0.8233715	0.101851944444	-0.0380581790123	0.314159265359	-1.51261868506	1.00194827429
8.6	0.8285165	0.0958494444444	-0.131006944444	0.244346095279	-1.38656712797	2.34326612536
8.65	0.8329755	0.0878461111111	-0.205006018519	0.174532925199	-1.23142675002	2.77959843836
8.7	0.8374345	0.0762222222222	-0.290014969136	0.12217304764	-1.08598264569	2.81730616911
8.75	0.8408645	0.0587863888889	-0.370048302469	0.0698131700798	-0.989019909463	3.51759259738
8.8	0.843437	0.0381111111111	-0.424356635802	0.0174532925199	-0.785398163397	5.06360955826
8.85	0.844809	0.0145775	-0.43859537037	-0.0174532925199	-0.426636039376	5.72080143709
8.9	0.844809	-0.00743166666667	-0.415199382716	-0.0174532925199	-0.174532925199	5.68848052502
8.95	0.8439515	-0.0271541666667	-0.38116404321	-0.0349065850399	0.0872664625997	6.38338013461
9	0.842065	-0.0455427777778	-0.343317592593	-0.0174532925199	0.48481368111	6.60962651913
9.05	0.839321	-0.0620258333333	-0.293296759259	0.0174532925199	0.814486984264	5.71002779973
9.1	0.8357195	-0.0751741666667	-0.232001388889	0.0698131700798	1.0471975512	4.84274999242
9.15	0.831775	-0.0863216666667	-0.147680555556	0.12217304764	1.26051557088	4.48183314092
9.2	0.8268015	-0.0911808333333	-0.041287037037	0.191986217719	1.52231495868	3.57146078417
9.25	0.8223425	-0.08918	0.0424515432099	0.279252680319	1.67745533664	1.55140377955
9.3	0.8178835	-0.0858452777778	0.104752623457	0.366519142919	1.68715161026	-0.667965516195
9.35	0.813596	-0.0786041666667	0.162236882716	0.453785605519	1.57079632679	-2.19782202103
9.4	0.8099945	-0.0699338888889	0.222897067901	0.523598775598	1.42535222246	-2.95197663609
9.45	0.806393	-0.0566902777778	0.287527160494	0.593411945678	1.308996939	-4.1801712949
9.5	0.8041635	-0.0398261111111	0.323679783951	0.663225115758	1.02780500395	-5.68848052502
9.55	0.8024485	-0.0232477777778	0.334954320988	0.698131700798	0.698131700798	-6.410314228
9.6	0.8017625	-0.00533555555556	0.324473765432	0.733038285838	0.358762124021	-6.56653196969
9.65	0.8021055	0.00924194444444	0.310129166667	0.733038285838	0.0290888208666	-6.39954059065
9.7	0.80262	0.0247722222222	0.307906018519	0.733038285838	-0.252103114177	-6.56653196969
9.75	0.8045065	0.04116	0.282826790123	0.715584993318	-0.649650332687	-6.24655494016
9.8	0.8069075	0.0542130555556	0.232509537037	0.663225115758	-0.950234814975	-4.68814829633
9.85	0.8099945	0.0650747222222	0.16508462963	0.610865238198	-1.08598264569	-3.66249801985
9.9	0.813596	0.0712868333333	0.0915937037037	0.558505360638	-1.25663706144	-3.69912838687
9.95	0.817369	0.0729827777778	0.0401595833334	0.488692190558	-1.46898545376	-3.63394788085
10	0.8209705	0.0727922222222	0.0116874074075	0.401425727959	-1.62897396853	-3.44433186335
