0.033333	0.7942165	-0.0494496611633	2.36834326941	-0.0698131700798	-1.42536647613	6.08938162176
0.066666	0.7904435	0.029083832505	2.36336490595	-0.12217304764	-1.2362872497	6.94630694154
0.099999	0.7942165	0.111819118191	2.2861049927	-0.157079632679	-1.01230108917	8.55955673027
0.133332	0.798504	0.180934309343	2.20583185947	-0.191986217719	-0.712683238063	11.3254740991
0.166665	0.80605	0.259253425868	2.07296434102	-0.209439510239	-0.24725744994	13.9120068182
0.199998	0.815997	0.325996176628	1.73821108349	-0.209439510239	0.261802005819	15.0731588074
0.233331	0.8281735	0.379876298763	1.27615225903	-0.191986217719	0.785406017458	15.0901276256
0.266664	0.8422365	0.406887818878	0.902060402229	-0.157079632679	1.29446547322	14.0113956106
0.299997	0.855099	0.434185175185	0.65921630926	-0.10471975512	1.75989126134	11.6842433984
0.33333	0.8710485	0.45948167815	0.189725669494	-0.0349065850399	2.07987149067	8.99347365316
0.366663	0.8868265	0.452478691454	-0.434951754547	0.0349065850399	2.34167349649	6.60571851883
0.399996	0.901747	0.425895925626	-0.961967503143	0.12217304764	2.5452972788	3.50284890264
0.433329	0.915467	0.385878858789	-1.41740438961	0.209439510239	2.58893094643	0.0121205844382
0.466662	0.927815	0.33214165475	-1.86498070221	0.296705972839	2.5452972788	-3.41800481158
0.499995	0.938105	0.261254279209	-2.28028102206	0.383972435439	2.34167349649	-6.19361864793
0.533328	0.945651	0.176075094084	-2.56469087689	0.453785605519	2.09441604655	-7.91474163815
0.566661	0.9499385	0.0856079394127	-2.69617683993	0.523598775598	1.81806948486	-9.7691910572
0.599994	0.9513105	-0.00500213335467	-2.75215365391	0.575958653158	1.48354469964	-12.5084431402
0.633327	0.949767	-0.0994709947099	-2.72738093623	0.628318530718	0.989029799761	-15.21133347
0.66666	0.944622	-0.19136733034	-2.54599223903	0.645771823238	0.37815845285	-15.5022274965
0.699993	0.936733	-0.273259399261	-2.22025482154	0.645771823238	-0.0581782235154	-15.0658864567
0.733326	0.9261	-0.342860511938	-1.78173007887	0.645771823238	-0.581782235154	-15.21133347
0.766659	0.9132375	-0.391881418814	-1.33427286588	0.610865238198	-1.16356447031	-12.9569047645
0.799992	0.899689	-0.428611369447	-0.956369821745	0.558505360638	-1.49808925552	-9.40557352405
0.833325	0.884597	-0.458195415287	-0.507721612715	0.506145483078	-1.68716848195	-8.26623858686
0.866658	0.868476	-0.465912992463	0.0401365666162	0.453785605519	-2.03623782304	-7.46628001394
0.899991	0.853041	-0.454908299083	0.589423941198	0.366519142919	-2.2689507171	-4.65430442427
0.933324	0.8377775	-0.427325106584	1.15169317264	0.296705972839	-2.34167349649	-1.83020825017
0.966657	0.823886	-0.377160854942	1.66525066596	0.209439510239	-2.35621805237	0.33937636427
0.99999	0.812224	-0.311704367044	2.0349358374	0.13962634016	-2.32712894062	2.64228740753
1.033323	0.802963	-0.23853030197	2.29647856823	0.0523598775598	-2.22531704946	5.84212169922
1.066656	0.796103	-0.157352823528	2.49656590329	-0.0174532925199	-1.89079226425	7.79353579377
1.099989	0.79233	-0.0706015393487	2.6357933406	-0.0698131700798	-1.62899025843	7.81777696265
1.133322	0.791301	0.0195797791311	2.72321245009	-0.12217304764	-1.43991103201	9.44193527737
1.166655	0.7935305	0.113476968103	2.71356538215	-0.174532925199	-1.0326634674	11.8902933339
1.199988	0.7990185	0.202800778008	2.59005909259	-0.191986217719	-0.581782235154	12.9205430111
1.233321	0.8069075	0.292124587913	2.2645598743	-0.209439510239	-0.189079226425	14.2538072993
1.266654	0.819084	0.36172570059	1.71050851555	-0.209439510239	0.334524785213	15.9264479518
1.299987	0.8319465	0.403171948386	1.21338676761	-0.191986217719	0.959940688004	15.1264893789
1.33332	0.8460095	0.437615209485	0.827980448415	-0.13962634016	1.43991103201	11.6600022296
1.366653	0.861273	0.462197121971	0.340029369998	-0.0872664625997	1.67262392607	9.50253819956
1.399986	0.877394	0.465627156272	-0.269165105497	-0.0349065850399	2.03623782304	8.31472092462
1.433319	0.893172	0.442760260936	-0.819286177308	0.0523598775598	2.28349527298	5.89060403697
1.466652	0.907578	0.398884405511	-1.0627257683	0.12217304764	2.39985172001	4.08463695568
1.499985	0.918897	0.371301213012	-1.2893723151	0.209439510239	2.55984183468	1.83020825017
1.533318	0.9327885	0.327854111874	-1.88391753927	0.296705972839	2.57438639056	-1.91505234124
1.566651	0.942221	0.243389517229	-2.42141405304	0.383972435439	2.4725744994	-6.58147734995
1.599984	0.9489095	0.155780724474	-2.66818843295	0.471238898038	2.09441604655	-10.0600850837
1.633317	0.9526825	0.0625981259813	-2.77109049098	0.523598775598	1.68716848195	-10.5570290457
1.66665	0.953197	-0.0320136534699	-2.74155378913	0.575958653158	1.43991103201	-12.0721021005
1.699983	0.950453	-0.123767071004	-2.59494217636	0.628318530718	0.959940688004	-15.21133347
1.733316	0.944622	-0.205802058021	-2.39414024368	0.645771823238	0.334524785213	-15.9506891207
1.766649	0.936733	-0.284407010737	-2.13926709068	0.645771823238	-0.189079226425	-14.3386513904
1.799982	0.925414	-0.353007696744	-1.75350347267	0.628318530718	-0.581782235154	-13.332642882
1.833315	0.9125515	-0.401599849332	-1.34129974253	0.610865238198	-1.04720802328	-12.9569047645
1.866648	0.8984885	-0.440759407594	-0.958990013038	0.558505360638	-1.49808925552	-11.2721435275
1.899981	0.882882	-0.468342600093	-0.496288050711	0.506145483078	-1.81806948486	-8.92075014653
1.933314	0.8665895	-0.473773487735	-0.00297749010508	0.436332312999	-2.07987149067	-6.67844202546
1.966647	0.851326	-0.472201388681	0.606693383807	0.366519142919	-2.28349527298	-3.92706935798
1.99998	0.834176	-0.439616062827	1.3689308507	0.279252680319	-2.34167349649	-1.16357610607
2.033313	0.8209705	-0.373873738737	1.92774619362	0.209439510239	-2.34167349649	1.13933493719
2.066646	0.8093085	-0.30355803558	2.24979152338	0.12217304764	-2.28349527298	3.75738117585
2.099979	0.8003905	-0.221237212372	2.4486878624	0.0523598775598	-2.07987149067	5.84212169922
2.133312	0.7945595	-0.137915962493	2.55409101212	-0.0174532925199	-1.84715859661	6.69056260989
2.166645	0.7911295	-0.0513075964093	2.64806059984	-0.0698131700798	-1.61444570255	7.10266248079
2.199978	0.790958	0.040302903029	2.67235691909	-0.12217304764	-1.43991103201	9.17528241973
2.233311	0.7938735	0.130055467221	2.58422321198	-0.174532925199	-1.0326634674	12.1448256071
2.266644	0.7997045	0.216235079017	2.36770013154	-0.191986217719	-0.567237679275	13.5750545708
2.299977	0.8086225	0.29083832505	2.04660759861	-0.209439510239	-0.145445558788	15.0901276256
2.33331	0.819427	0.353293532935	1.68704589353	-0.209439510239	0.465425788123	15.5385892498
2.366643	0.832461	0.403886538865	1.29616099253	-0.174532925199	0.974485243883	13.6598986619
2.399976	0.8466955	0.441188161882	0.85191946886	-0.13962634016	1.35264369673	12.1084638538
2.433309	0.862302	0.462197121971	0.348961840313	-0.0872664625997	1.77443581722	10.6055113834
2.466642	0.8779085	0.466484664847	-0.214141088356	-0.0174532925199	2.07987149067	8.58137378226
2.499975	0.8940295	0.448762820962	-0.793203363988	0.0523598775598	2.34167349649	6.52087442776
2.533308	0.9084355	0.409746180795	-1.2640040994	0.13962634016	2.5452972788	3.49072831821
2.566641	0.9214695	0.362154454878	-1.65989118377	0.226892802759	2.58893094643	-5.18109259251E-15
2.599974	0.93296	0.30012800128	-2.06280514479	0.314159265359	2.5452972788	-3.50284890264
2.633307	0.941878	0.223952656193	-2.42772633206	0.401425727959	2.34167349649	-6.60571851883
2.66664	0.9482235	0.135629272959	-2.69570044152	0.471238898038	2.07987149067	-8.99347365316
2.699973	0.951139	0.0395883125498	-2.80181818886	0.541052068118	1.75989126134	-11.6842433984
2.733306	0.950796	-0.055309303093	-2.75131995668	0.593411945678	1.29446547322	-14.023516195
2.766639	0.947366	-0.147062720627	-2.55790219945	0.628318530718	0.785406017458	-15.1749717166
2.799972	0.940849	-0.230526888602	-2.20679656627	0.645771823238	0.261802005819	-15.5143480809
2.833305	0.931588	-0.299270492705	-1.72968355183	0.645771823238	-0.261802005819	-15.1749717166
2.866638	0.919926	-0.340287986213	-1.4028742379	0.628318530718	-0.770861461579	-14.0356367795
2.899971	0.9091215	-0.383735087351	-1.30235417195	0.593411945678	-1.2362872497	-11.7812080739
2.933304	0.8947155	-0.433041830418	-1.03545195894	0.541052068118	-1.55626747904	-9.50253819956
2.966637	0.8796235	-0.462768794355	-0.475922018393	0.488692190558	-1.83261404073	-8.1813944958
2.99997	0.8631595	-0.468056763901	0.212235494689	0.418879020479	-2.09441604655	-6.92085371422
3.033303	0.8477245	-0.447190721907	0.867878815823	0.349065850399	-2.32712894062	-4.61794267096
3.066636	0.832804	-0.405887392207	1.38048351231	0.261799387799	-2.4725744994	-0.496943961967
3.099969	0.8202845	-0.35072100721	1.75969665209	0.174532925199	-2.34167349649	3.03014610955
3.133302	0.8093085	-0.287265372654	2.09793952803	0.10471975512	-2.16713882595	3.90282818911
3.166635	0.8010765	-0.216806751401	2.54837423112	0.0349065850399	-2.07987149067	4.65430442427
3.199968	0.793702	-0.115191985253	2.89269118687	-0.0349065850399	-1.94897048777	7.51476235169
3.233301	0.7931875	-0.00700298669653	2.76668380562	-0.10471975512	-1.57081203492	10.2297732659
3.266634	0.794388	0.0723165564989	2.51240615065	-0.13962634016	-1.16356447031	10.5085467079
3.299967	0.797818	0.15349403494	2.39723683339	-0.174532925199	-0.916307020367	11.7327257362
3.3333	0.8045065	0.234242759094	2.22728169819	-0.209439510239	-0.450881232244	14.4719778192
3.366633	0.8137675	0.305273052731	1.96490527013	-0.209439510239	0.145445558788	14.7749924302
3.399966	0.8250865	0.367299506328	1.61332323853	-0.191986217719	0.567237679275	13.9871544417
3.433299	0.838635	0.41474831415	1.17706138833	-0.174532925199	1.04720802328	13.6235369086
3.466632	0.853041	0.448905739057	0.63087060346	-0.12217304764	1.5126338114	12.169066776
3.499965	0.869162	0.460196268629	-0.00547858179331	-0.0698131700798	1.86170315249	10.5206672924
3.533298	0.8844255	0.447476558099	-0.587637447135	0	2.23986160534	8.08442982029
3.566631	0.899689	0.412747460808	-0.939457677949	0.0872664625997	2.39985172001	5.39366007501
3.599964	0.911694	0.379590462571	-1.14919208095	0.157079632679	2.58893094643	2.7271314986
3.633297	0.9248995	0.344575529089	-1.56651709407	0.261799387799	2.67619828171	-2.19382578332
3.66663	0.935704	0.279404877382	-2.09389014148	0.349065850399	2.39985172001	-5.8663628681
3.699963	0.943936	0.19894198942	-2.46405171134	0.418879020479	2.16713882595	-6.65420085658
3.733296	0.949081	0.110761524282	-2.68212308664	0.488692190558	2.00714871128	-8.56925319782
3.766629	0.951482	0.0172930895976	-2.77394888148	0.558505360638	1.68716848195	-12.5326843091
3.799962	0.9502815	-0.0776045260453	-2.73726620338	0.610865238198	1.10538624679	-14.8113541835
3.833295	0.9461655	-0.168071680717	-2.58422321198	0.628318530718	0.596326791033	-14.3992543126
3.866628	0.9389625	-0.25296502965	-2.3098177239	0.645771823238	0.189079226425	-14.7386306769
3.899961	0.9290155	-0.32628201282	-1.89999598584	0.645771823238	-0.334524785213	-15.9506891207
3.933294	0.9166675	-0.381305479721	-1.43431653341	0.628318530718	-0.959940688004	-14.7992335991
3.966627	0.903119	-0.419464611313	-1.02068360801	0.575958653158	-1.42536647613	-10.9206465788
3.99996	0.8885415	-0.448334066674	-0.624796523646	0.523598775598	-1.62899025843	-8.31472092462
4.033293	0.872935	-0.464483811505	-0.134463453145	0.471238898038	-1.89079226425	-7.87837988484
4.066626	0.8569855	-0.459910432438	0.432093364046	0.401425727959	-2.22531704946	-5.78151877703
4.099959	0.841722	-0.43504268376	0.983048133087	0.314159265359	-2.32712894062	-2.3150316277
4.133292	0.8274875	-0.391738500718	1.45503986454	0.244346095279	-2.34167349649	0.315135195394
4.166625	0.815311	-0.335714607146	1.84937865405	0.157079632679	-2.29803982886	2.59380506978
4.199958	0.8048495	-0.268543102098	2.2220413156	0.0872664625997	-2.13804971419	3.91494877354
4.233291	0.7969605	-0.186508115081	2.54051365724	0.0174532925199	-2.03623782304	5.17548955512
4.266624	0.7921585	-0.0950405337387	2.72178325484	-0.0523598775598	-1.81806948486	7.12690364967
4.299957	0.790615	-0.00157209905432	2.76835120008	-0.10471975512	-1.55626747904	9.09043832866
4.33329	0.791987	0.092896762301	2.68248038545	-0.157079632679	-1.2362872497	11.6963639829
4.366623	0.7969605	0.181648899822	2.45333274697	-0.191986217719	-0.770861461579	14.0113956106
4.399956	0.8045065	0.257538408717	2.17249588026	-0.209439510239	-0.261802005819	15.0901276256
4.433289	0.814282	0.325710340437	1.90130608149	-0.209439510239	0.261802005819	15.10224821
4.466622	0.8264585	0.385307186405	1.59093251294	-0.191986217719	0.770861461579	14.1083602861
4.499955	0.84035	0.43161264946	1.23958868054	-0.157079632679	1.2362872497	12.1933079448
4.533288	0.855099	0.47463099631	0.673746460973	-0.10471975512	1.57081203492	10.5812702146
4.566621	0.872935	0.486350280169	-0.161618162903	-0.0523598775598	1.89079226425	10.1085674215
4.599954	0.888713	0.459195841958	-0.856564353424	0.0174532925199	2.28349527298	8.52077086007
4.633287	0.903805	0.4198933656	-1.26078841009	0.10471975512	2.53075272292	4.98156020411
4.66662	0.917182	0.365441571082	-1.38929688302	0.191986217719	2.60347550231	1.47871130146
4.699953	0.9273005	0.329426210929	-1.57342487112	0.279252680319	2.60347550231	-1.57567597697
4.733286	0.9396485	0.276260679273	-2.15748933013	0.366519142919	2.53075272292	-5.40578065944
4.766619	0.9471945	0.182220572206	-2.65437287886	0.453785605519	2.2689507171	-9.6722263817
4.799952	0.9516535	0.0867512841795	-2.80705857145	0.523598775598	1.83261404073	-12.362996127
4.833285	0.952854	-0.00814633146332	-2.80717767105	0.575958653158	1.36718825261	-12.8356989201
4.866618	0.951139	-0.101471848052	-2.72988202792	0.610865238198	0.989029799761	-13.332642882
4.899951	0.945994	-0.192510675107	-2.54742143429	0.645771823238	0.50905945576	-14.4598572348
4.933284	0.938105	-0.274116907836	-2.23538047127	0.645771823238	0	-14.8477159368
4.966617	0.927815	-0.351721433881	-1.65667549446	0.645771823238	-0.50905945576	-14.3750131437
4.99995	0.913066	-0.385593022597	-1.05653258888	0.610865238198	-0.989029799761	-12.9084224267
5.033283	0.901747	-0.405315719824	-0.873952895637	0.575958653158	-1.35264369673	-11.6842433984
5.066616	0.8871695	-0.447762394291	-0.604192292119	0.523598775598	-1.77443581722	-10.1085674215
5.099949	0.8707055	-0.457052070521	-0.0472825428684	0.453785605519	-2.0653269348	-7.41779767619
5.133282	0.856128	-0.447333640003	0.447457212988	0.383972435439	-2.28349527298	-4.27856630669
5.166615	0.840693	-0.425895925626	0.920639940485	0.296705972839	-2.34167349649	-1.32114370377
5.199948	0.8271445	-0.38444967783	1.35451979859	0.226892802759	-2.34167349649	0.727235066293
5.233281	0.8151395	-0.338715887159	1.86450430379	0.13962634016	-2.29803982886	2.76349325191
5.266614	0.803649	-0.263969723031	2.44237558338	0.0698131700798	-2.13804971419	4.33916922888
5.299947	0.796789	-0.166356663567	2.73655160576	0	-2.02169326716	6.24210098568
5.33328	0.7928445	-0.0728882288823	2.75679853847	-0.0698131700798	-1.75989126134	8.95711189984
5.366613	0.791987	0.0190081067477	2.67997929376	-0.12217304764	-1.36718825261	10.1934115125
5.399946	0.7942165	0.106473981406	2.55421011172	-0.157079632679	-1.04720802328	10.593390799
5.433279	0.79919	0.189795231286	2.39294924763	-0.191986217719	-0.712683238063	12.1933079448
5.466612	0.8069075	0.269257692577	2.12485603857	-0.209439510239	-0.24725744994	14.1083602861
5.499945	0.8175405	0.335142934763	1.7429036079	-0.209439510239	0.261802005819	15.10224821
5.533278	0.829717	0.385164268309	1.34701652353	-0.191986217719	0.785406017458	15.0901276256
5.566611	0.843437	0.424609662763	0.942435168054	-0.157079632679	1.29446547322	14.0113956106
5.599944	0.8583575	0.450334920016	0.467704145703	-0.10471975512	1.75989126134	11.6842433984
5.633277	0.873964	0.457766661	-0.0668148779576	-0.0349065850399	2.07987149067	8.99347365316
5.66661	0.889399	0.445761540949	-0.600500204388	0.0349065850399	2.34167349649	6.60571851883
5.699943	0.904148	0.416177495108	-1.08702208756	0.12217304764	2.5452972788	3.50284890264
5.733276	0.917525	0.371444131108	-1.51292227218	0.209439510239	2.58893094643	0.0121205844382
5.766609	0.929187	0.314991483248	-1.91393063953	0.296705972839	2.5452972788	-3.41800481158
5.799942	0.9389625	0.243103681037	-2.27801812958	0.383972435439	2.34167349649	-6.19361864793
5.833275	0.945651	0.160925775924	-2.56028419154	0.453785605519	2.09441604655	-7.92686222259
5.866608	0.9499385	0.0698869488695	-2.74357848241	0.523598775598	1.81806948486	-9.84191456383
5.899941	0.950453	-0.0261540115401	-2.77942746327	0.575958653158	1.48354469964	-12.8356989201
5.933274	0.948052	-0.118479101458	-2.68736346922	0.628318530718	0.974485243883	-15.8658450296
5.966607	0.942564	-0.208803338033	-2.45904952797	0.645771823238	0.334524785213	-16.2779449005
5.99994	0.9338175	-0.287694126941	-2.05804116062	0.645771823238	-0.189079226425	-14.411374897
6.033273	0.9228415	-0.34729097291	-1.61225134209	0.628318530718	-0.581782235154	-13.3447634665
6.066606	0.910322	-0.394596862635	-1.17765688635	0.610865238198	-1.04720802328	-12.9569047645
6.099939	0.895916	-0.421036710367	-0.85334866411	0.558505360638	-1.49808925552	-11.2721435275
6.133272	0.8827105	-0.4543366267	-0.446861714967	0.506145483078	-1.81806948486	-8.92075014653
6.166605	0.864703	-0.458338333383	0.157806975568	0.436332312999	-2.07987149067	-6.67844202546
6.199938	0.8514975	-0.44090232569	0.702211266377	0.366519142919	-2.28349527298	-3.93918994242
6.233271	0.8350335	-0.40888867222	1.18111077488	0.279252680319	-2.34167349649	-1.24842019714
6.266604	0.823886	-0.362583209165	1.64559923126	0.209439510239	-2.34167349649	0.739355650731
6.299937	0.8103375	-0.298698820322	2.08483857156	0.12217304764	-2.29803982886	2.77561383635
6.33327	0.803649	-0.220808458085	2.42117585383	0.0523598775598	-2.13804971419	4.42401331995
6.366603	0.795417	-0.135629272959	2.66556824165	-0.0174532925199	-2.02169326716	6.65420085658
6.399936	0.794045	-0.0348720153868	2.66104245669	-0.0872664625997	-1.74534670546	10.0358439148
6.433269	0.7938735	0.0457337906712	2.52598350553	-0.13962634016	-1.3090100291	12.1084638538
6.466602	0.7969605	0.129340876742	2.47072128918	-0.174532925199	-0.858128796852	12.1084638538
6.499935	0.8024485	0.211804618046	2.36138785252	-0.191986217719	-0.50905945576	12.1569461915
6.533268	0.811195	0.290123734571	2.14224458079	-0.209439510239	-0.13090100291	14.1083602861
6.566601	0.8219995	0.359581929153	1.75683826159	-0.209439510239	0.465425788123	15.1386099633
6.599934	0.8357195	0.410174935083	1.26495689623	-0.174532925199	0.974485243883	13.5750545708
6.633267	0.8497825	0.443903605703	0.752947697768	-0.13962634016	1.35264369673	12.0963432693
6.6666	0.865732	0.460767941013	0.225098251943	-0.0872664625997	1.77443581722	10.6055113834
6.699933	0.8809955	0.458910005767	-0.295009719609	-0.0174532925199	2.07987149067	8.58137378226
6.733266	0.8967735	0.440330653307	-0.784866391694	0.0523598775598	2.34167349649	6.52087442776
6.766599	0.9108365	0.404172375057	-1.20528799453	0.13962634016	2.5452972788	3.49072831821
6.799932	0.9238705	0.359296092961	-1.60212787573	0.226892802759	2.58893094643	-5.18109259251E-15
6.833265	0.9351895	0.299127574609	-2.03088645086	0.314159265359	2.5452972788	-3.50284890264
6.866598	0.944279	0.223095147618	-2.41891296135	0.401425727959	2.34167349649	-6.60571851883
6.899931	0.950453	0.133485501522	-2.67057042503	0.471238898038	2.07987149067	-8.99347365316
6.933264	0.953197	0.0411604116041	-2.79264751934	0.541052068118	1.75989126134	-11.6842433984
6.966597	0.953197	-0.0533084497512	-2.8510063254	0.593411945678	1.29446547322	-14.0113956106
6.99993	0.949767	-0.150635673023	-2.78752623636	0.628318530718	0.785406017458	-15.10224821
7.033263	0.9434215	-0.249677913446	-2.40307271399	0.645771823238	0.261802005819	-15.1749717166
7.066596	0.932274	-0.322423224232	-1.72075108152	0.645771823238	-0.24725744994	-14.4477366504
7.099929	0.9204405	-0.353436451031	-1.33010437973	0.628318530718	-0.727227793942	-12.9326635956
7.133262	0.909293	-0.396026043594	-1.32784148725	0.593411945678	-1.09084169091	-11.7690874895
7.166595	0.894544	-0.448191148578	-1.14966847937	0.558505360638	-1.5126338114	-10.5327878768
7.199928	0.879109	-0.488779887799	-0.511770999258	0.488692190558	-1.81806948486	-8.58137378226
7.233261	0.8607585	-0.491209495428	0.402794861413	0.436332312999	-2.07987149067	-6.60571851883
7.266594	0.845152	-0.453907872412	1.1138194985	0.349065850399	-2.28349527298	-3.91494877354
7.299927	0.830403	-0.406744900782	1.52102104527	0.279252680319	-2.34167349649	-1.17569669051
7.33326	0.8178835	-0.350863925306	1.83115641461	0.191986217719	-2.34167349649	1.078732015
7.366593	0.806736	-0.285550355504	2.13652779979	0.12217304764	-2.28349527298	3.50284890264
7.399926	0.798504	-0.207945829458	2.41855566254	0.0349065850399	-2.09441604655	5.52698650383
7.433259	0.792673	-0.122480808141	2.6300765596	-0.0174532925199	-1.87624770837	6.65420085658
7.466592	0.7901005	-0.0291552915529	2.71856756552	-0.0872664625997	-1.70171303782	8.93287073096
7.499925	0.7907865	0.0627410440771	2.66866483136	-0.13962634016	-1.29446547322	11.3812287875
7.533258	0.794388	0.151207345407	2.52324421463	-0.174532925199	-0.858128796852	11.7690874895
7.566591	0.8010765	0.232241905752	2.31458170807	-0.191986217719	-0.50905945576	12.0842226849
7.599924	0.8099945	0.306988069881	2.04756039545	-0.209439510239	-0.13090100291	14.0962397016
7.633257	0.821828	0.371444131108	1.68847508878	-0.209439510239	0.465425788123	15.1386099633
7.66659	0.835205	0.420179201792	1.27960614755	-0.174532925199	0.974485243883	13.5750545708
7.699923	0.849954	0.460053350534	0.759736375207	-0.13962634016	1.35264369673	12.0963432693
7.733256	0.8665895	0.475202668693	0.121957994703	-0.0872664625997	1.77443581722	10.6055113834
7.766589	0.8823675	0.465627156272	-0.443884224862	-0.0174532925199	2.07987149067	8.58137378226
7.799922	0.897974	0.44090232569	-0.865854122551	0.0523598775598	2.34167349649	6.52087442776
7.833255	0.912037	0.40545863792	-1.20612169176	0.13962634016	2.5452972788	3.49072831821
7.866588	0.9252425	0.36001068344	-1.54769935661	0.226892802759	2.58893094643	-1.48031216929E-14
7.899921	0.936047	0.308131414647	-2.04434470613	0.314159265359	2.5452972788	-3.50284890264
7.933254	0.94668	0.228383117165	-2.63674613744	0.401425727959	2.34167349649	-6.60571851883
7.966587	0.952168	0.121909135758	-2.92520537882	0.471238898038	2.07987149067	-8.99347365316
7.99992	0.9543975	0.0230098134315	-2.89221478845	0.541052068118	1.75989126134	-11.6842433984
8.033253	0.95354	-0.0716019660197	-2.77394888148	0.593411945678	1.29446547322	-14.023516195
8.066586	0.9495955	-0.162640793075	-2.59208378586	0.628318530718	0.785406017458	-15.1749717166
8.099919	0.942564	-0.2478199782	-2.28921349237	0.645771823238	0.261802005819	-15.5143480809
8.133252	0.9327885	-0.320279452795	-1.84282817582	0.645771823238	-0.261802005819	-15.1749717166
8.166585	0.920612	-0.372730393971	-1.37083644437	0.628318530718	-0.770861461579	-14.0356367795
8.199918	0.9070635	-0.401885685524	-1.14847748332	0.593411945678	-1.2362872497	-11.7690874895
8.233251	0.8943725	-0.441045243786	-1.09261976895	0.541052068118	-1.55626747904	-9.42981469293
8.266584	0.878423	-0.493496184962	-0.523800059282	0.488692190558	-1.83261404073	-7.85413871596
8.299917	0.859558	-0.49149533162	0.474850121955	0.418879020479	-2.07987149067	-6.26634215456
8.33325	0.844466	-0.450620756208	1.20838458424	0.349065850399	-2.28349527298	-3.84222526691
8.366583	0.8295455	-0.401028176948	1.64178804393	0.261799387799	-2.34167349649	-1.15145552163
8.399916	0.817369	-0.33800129668	1.91357334072	0.191986217719	-2.34167349649	1.15145552163
8.433249	0.8069075	-0.271687300206	2.11294607815	0.10471975512	-2.28349527298	3.83010468248
8.466582	0.7990185	-0.196369463695	2.30934132548	0.0349065850399	-2.07987149067	6.18149806349
8.499915	0.794045	-0.122052053854	2.59851516449	-0.0349065850399	-1.83261404073	7.42991826063
8.533248	0.7901005	-0.0267256839235	2.93556704438	-0.0872664625997	-1.57081203492	8.2783591713
8.566581	0.7914725	0.0896096460965	2.82182692237	-0.13962634016	-1.29446547322	9.514658784
8.599914	0.797475	0.169500861675	2.43951719288	-0.174532925199	-0.974485243883	11.7690874895
8.633247	0.80262	0.248391650583	2.11818646074	-0.209439510239	-0.50905945576	13.9507926884
8.66658	0.8144535	0.312418957523	1.76219774378	-0.209439510239	0	14.7628718457
8.699913	0.8240575	0.358867338673	1.58354833748	-0.209439510239	0.50905945576	14.4356160659
8.733246	0.837606	0.421036710367	1.30306876958	-0.174532925199	0.989029799761	13.2599193754
8.766579	0.853041	0.455337053371	0.752233100142	-0.13962634016	1.36718825261	12.5084431402
8.799912	0.868476	0.471343880105	0.163047358153	-0.0872664625997	1.81806948486	11.6963639829
8.833245	0.88494	0.46705633723	-0.45543688647	-0.0174532925199	2.22531704946	8.83590605546
8.866578	0.900375	0.437758127581	-0.975068459605	0.0698131700798	2.39985172001	5.8057599459
8.899911	0.9142665	0.398884405511	-1.40096864423	0.13962634016	2.58893094643	3.12711078506
8.933244	0.9273005	0.346147628143	-1.84985505247	0.244346095279	2.69074283759	-1.51507305478
8.966577	0.9379335	0.274402744027	-2.24979152338	0.331612557879	2.44348538765	-5.01792195742
8.99991	0.9458225	0.192653593203	-2.53920356159	0.401425727959	2.29803982886	-6.96933605197
9.033243	0.9509675	0.10290102901	-2.7350033109	0.488692190558	2.02169326716	-9.70858813501
9.066576	0.952854	0.00743174098408	-2.81325175086	0.541052068118	1.61444570255	-11.4175905408
9.099909	0.951482	-0.0884663013297	-2.75120085708	0.593411945678	1.25083180558	-12.8599400889
9.133242	0.9468515	-0.180219718864	-2.54087095605	0.628318530718	0.770861461579	-14.4356160659
9.166575	0.939134	-0.26053968873	-2.2304973875	0.645771823238	0.261802005819	-15.1749717166
9.199908	0.929187	-0.329569129025	-1.88427483809	0.645771823238	-0.261802005819	-15.1143687945
9.233241	0.916839	-0.386450531172	-1.51518516466	0.628318530718	-0.770861461579	-14.0962397016
9.266574	0.903119	-0.431040977076	-1.11572509217	0.593411945678	-1.2362872497	-12.1084638538
9.299907	0.8878555	-0.463912139121	-0.621699933936	0.541052068118	-1.57081203492	-10.1570497592
9.33324	0.871563	-0.475059750597	-0.0519274274322	0.488692190558	-1.87624770837	-8.9449913154
9.366573	0.8556135	-0.465770074367	0.485211787521	0.418879020479	-2.22531704946	-6.19361864793
9.399906	0.8401785	-0.441473998073	0.990313208943	0.331612557879	-2.32712894062	-2.39987571877
9.433239	0.8257725	-0.400742340757	1.50732459079	0.261799387799	-2.34167349649	0.303014610955
9.466572	0.81291	-0.340573822405	1.99479927079	0.174532925199	-2.29803982886	2.59380506978
9.499905	0.80262	-0.264255559222	2.36674733471	0.10471975512	-2.13804971419	3.90282818911
9.533238	0.795074	-0.178933456001	2.61054422451	0.0349065850399	-2.03623782304	5.09064546405
9.566571	0.790615	-0.0880375470421	2.74822336697	-0.0349065850399	-1.81806948486	6.70268319433
9.599904	0.7890715	0.0057167238339	2.79491041182	-0.0872664625997	-1.57081203492	7.93898280703
9.633237	0.790615	0.10704565379	2.6103060253	-0.13962634016	-1.29446547322	9.44193527737
9.66657	0.7973035	0.181505981726	2.36805743036	-0.174532925199	-0.974485243883	11.7690874895
9.699903	0.8027915	0.252536275363	2.38889986109	-0.209439510239	-0.50905945576	14.0356367795
9.733236	0.81291	0.349577662443	2.15653653329	-0.209439510239	0	15.1628511322
9.766569	0.827316	0.412604542712	1.49565282957	-0.209439510239	0.523604011638	15.4295039898
9.799902	0.8415505	0.443046097128	0.942673367262	-0.174532925199	1.04720802328	14.7507512613
9.833235	0.8566425	0.469628862955	0.516296784217	-0.13962634016	1.54172292316	12.8720606734
9.866568	0.8731065	0.483777754444	-0.0409702638456	-0.0698131700798	1.96351504364	9.42981469293
9.899901	0.8899135	0.467913845805	-0.617174148977	0	2.13804971419	6.73904494765
9.933234	0.9046625	0.436614782814	-1.04593272411	0.0698131700798	2.35621805237	5.44214241276
9.966567	0.9190685	0.398169815031	-1.46016114752	0.157079632679	2.5452972788	2.99378435624
9.9999	0.9317595	0.341288412884	-1.90952395418	0.244346095279	2.58893094643	-0.496943961967
10.033233	0.942221	0.269686446864	-2.31696370015	0.331612557879	2.53075272292	-4.58158091765
10.066566	0.95011	0.184221425548	-2.63186305366	0.418879020479	2.28349527298	-8.435926769
10.099899	0.9547405	0.090038400384	-2.80181818886	0.488692190558	1.89079226425	-10.096446837
10.133232	0.9561125	-0.00571672383391	-2.84779063608	0.541052068118	1.57081203492	-10.5812702146
10.166565	0.9543975	-0.102186438531	-2.7858588419	0.593411945678	1.2362872497	-12.1933079448
10.199898	0.9492525	-0.195797791311	-2.56469087689	0.628318530718	0.770861461579	-14.1204808705
10.233231	0.9410205	-0.277546942136	-2.19036082089	0.645771823238	0.261802005819	-15.1870923011
10.266564	0.9303875	-0.345290119568	-1.70502993376	0.645771823238	-0.261802005819	-15.5022274965
10.299897	0.9173535	-0.390595155952	-1.25030764492	0.628318530718	-0.785406017458	-15.0901276256
10.33323	0.9039765	-0.423466317997	-0.954464228078	0.593411945678	-1.29446547322	-13.5992957397
10.366563	0.8888845	-0.447762394291	-0.816427786807	0.541052068118	-1.74534670546	-10.5327878768
10.399896	0.87465	-0.481919819198	-0.53451902366	0.471238898038	-2.02169326716	-6.75116553209
10.433229	0.8562995	-0.498498318317	0.187462777015	0.401425727959	-2.13804971419	-4.43613390439
10.466562	0.8401785	-0.475202668693	1.08845128281	0.331612557879	-2.29803982886	-2.77561383635
10.499895	0.8237145	-0.420179201792	1.8309182154	0.244346095279	-2.34167349649	-0.739355650731
10.533228	0.811538	-0.341717167172	2.23014008869	0.174532925199	-2.34167349649	1.2362996127
10.566561	0.801248	-0.267113921139	2.45654843628	0.0872664625997	-2.28349527298	3.85434585135
10.599894	0.793359	-0.18036263696	2.69629593954	0.0174532925199	-2.07987149067	6.26634215456
10.633227	0.7889	-0.0844645946459	2.83004479506	-0.0523598775598	-1.83261404073	7.85413871596
10.66656	0.7876995	0.0132913829138	2.8057484758	-0.10471975512	-1.55626747904	9.41769410849
10.699893	0.789929	0.106473981406	2.64532130894	-0.157079632679	-1.2362872497	11.6842433984
10.733226	0.795074	0.190652739861	2.4315375194	-0.191986217719	-0.770861461579	13.6114163241
10.766559	0.8027915	0.268257265906	2.20524827141	-0.209439510239	-0.276346561698	14.023516195
10.799892	0.8130815	0.339573395734	1.91190594626	-0.209439510239	0.203623782304	13.2720399598
10.833225	0.8257725	0.398455651223	1.52530863102	-0.191986217719	0.581782235154	13.0053871022
10.866558	0.840007	0.443331933319	1.06046287582	-0.174532925199	1.04720802328	13.2962811287
10.899891	0.855785	0.470915125818	0.531065135138	-0.12217304764	1.5126338114	12.4114784647
10.933224	0.871906	0.479204375377	-0.0154829485463	-0.0698131700798	1.87624770837	11.175178852
10.966557	0.8881985	0.469771781051	-0.55405135875	0	2.28349527298	8.93287073096
10.99989	0.903805	0.440044817115	-1.03509466012	0.0872664625997	2.53075272292	5.06640429517
11.033223	0.9176965	0.400027750277	-1.49196074184	0.174532925199	2.60347550231	1.50295247034
11.066556	0.930902	0.343575102418	-2.00575643437	0.261799387799	2.60347550231	-1.50295247034
11.099889	0.9413635	0.263398050647	-2.42379604512	0.349065850399	2.53075272292	-5.06640429517
11.133222	0.9485665	0.17621801218	-2.66378174759	0.436332312999	2.28349527298	-8.93287073096
11.166555	0.953197	0.0840358403584	-2.80658217303	0.506145483078	1.87624770837	-11.1872994365
11.199888	0.9543975	-0.0142918095848	-2.8058675754	0.558505360638	1.5126338114	-12.4963225558
11.233221	0.952168	-0.108617752844	-2.62924286237	0.610865238198	1.04720802328	-13.7083809996
11.266554	0.9468515	-0.193654019874	-2.33208934989	0.628318530718	0.567237679275	-14.0719985328
11.299887	0.9386195	-0.260110934443	-2.11544716984	0.645771823238	0.145445558788	-15.10224821
11.33322	0.929873	-0.33214165475	-1.95168521406	0.645771823238	-0.465425788123	-15.1386099633
11.366553	0.9163245	-0.397455224552	-1.59140891135	0.610865238198	-0.959940688004	-12.5811666469
11.399886	0.9026045	-0.439901899019	-1.14835838372	0.575958653158	-1.29446547322	-10.1934115125
11.433219	0.886998	-0.475774341077	-0.618841543436	0.523598775598	-1.58535659079	-9.07831774422
11.466552	0.870191	-0.486493198265	0.0519274274322	0.471238898038	-1.87624770837	-8.54501202894
11.499885	0.853727	-0.470200535339	0.665766787491	0.401425727959	-2.22531704946	-6.18149806349
11.533218	0.8384635	-0.437186455198	1.14883478214	0.314159265359	-2.32712894062	-2.71501091416
11.566551	0.8244005	-0.393453517869	1.60236607494	0.244346095279	-2.35621805237	-0.351496948708
11.599884	0.8117095	-0.331712900462	2.06089955112	0.157079632679	-2.34167349649	1.83020825017
11.633217	0.8017625	-0.252250439171	2.38580327138	0.0872664625997	-2.2689507171	4.64218383984
11.66655	0.794731	-0.166785417854	2.52979469286	0	-2.03623782304	7.38143592287
11.699883	0.790615	-0.0791766250996	2.55468651014	-0.0523598775598	-1.68716848195	7.85413871596
11.733216	0.789929	-0.00142918095848	2.70070262489	-0.10471975512	-1.5126338114	8.32684150905
11.766549	0.789929	0.093754270876	2.98940006548	-0.157079632679	-1.22174269382	11.0297318388
11.799882	0.795417	0.207659993267	2.96391275018	-0.191986217719	-0.770861461579	13.6114163241
11.833215	0.8041635	0.308846005127	2.42772633206	-0.209439510239	-0.261802005819	14.6901483391
11.866548	0.8171975	0.374588329217	1.70538723257	-0.209439510239	0.24725744994	14.4234954815
11.899881	0.8298885	0.413604969383	1.190400544	-0.191986217719	0.727227793942	13.2599193754
11.933214	0.8446375	0.449906165728	0.785580989319	-0.157079632679	1.10538624679	12.5084431402
11.966547	0.860244	0.470629289626	0.276668380562	-0.12217304764	1.55626747904	11.7206051518
11.99988	0.8765365	0.47291597916	-0.332049696516	-0.0523598775598	1.96351504364	9.00559423759
12.033213	0.892829	0.443331933319	-0.80034934024	0.0174532925199	2.13804971419	6.65420085658
12.066546	0.9060345	0.410317853179	-1.0231846997	0.0872664625997	2.35621805237	5.43002182832
12.099879	0.919926	0.379590462571	-1.35035131245	0.174532925199	2.5452972788	2.99378435624
12.133212	0.9321025	0.325996176628	-1.83020361778	0.261799387799	2.58893094643	-0.509064546405
12.166545	0.9420495	0.257252572526	-2.3126761144	0.349065850399	2.53075272292	-4.66642500871
12.199878	0.949767	0.169643779771	-2.71308898373	0.436332312999	2.28349527298	-8.8480266399
12.233211	0.9537115	0.0701727850612	-2.90317195204	0.506145483078	1.87624770837	-11.175178852
12.266544	0.9543975	-0.0294411277446	-2.89888436629	0.558505360638	1.5126338114	-12.4963225558
12.299877	0.9516535	-0.126053760538	-2.76739840325	0.610865238198	1.04720802328	-13.7083809996
12.33321	0.9458225	-0.216092160922	-2.53717886832	0.628318530718	0.567237679275	-14.0841191172
12.366543	0.937076	-0.298127147938	-2.19953149041	0.645771823238	0.145445558788	-15.1870923011
12.399876	0.9255855	-0.366441997753	-1.74826309009	0.645771823238	-0.465425788123	-15.5507098342
12.433209	0.912037	-0.41474831415	-1.27984434676	0.610865238198	-0.974485243883	-13.6477780774
12.466542	0.897631	-0.449620329537	-0.856207054611	0.575958653158	-1.35264369673	-12.0236197627
12.499875	0.881853	-0.473773487735	-0.383262526323	0.523598775598	-1.77443581722	-10.1812909281
12.533208	0.865389	-0.47634601346	0.128627572539	0.453785605519	-2.0653269348	-7.42991826063
12.566541	0.8497825	-0.464626729601	0.636587384462	0.383972435439	-2.28349527298	-4.27856630669
12.599874	0.8340045	-0.436186028527	1.19647462382	0.296705972839	-2.34167349649	-1.32114370377
12.633207	0.8199415	-0.383020496872	1.69812215672	0.226892802759	-2.34167349649	0.727235066293
12.66654	0.8082795	-0.319421944219	2.09126995019	0.13962634016	-2.29803982886	2.76349325191
12.699873	0.7983325	-0.243246599133	2.44154188615	0.0698131700798	-2.13804971419	4.33916922888
12.733206	0.791644	-0.153636953036	2.67950289535	0	-2.02169326716	6.24210098568
12.766539	0.7880425	-0.0607401907352	2.78550154309	-0.0698131700798	-1.75989126134	8.95711189984
12.799872	0.787528	0.034729097291	2.78526334388	-0.12217304764	-1.36718825261	10.1934115125
12.833205	0.7904435	0.1273400234	2.68736346922	-0.157079632679	-1.04720802328	10.593390799
12.866538	0.796103	0.216092160922	2.50144898706	-0.191986217719	-0.712683238063	12.1811873604
12.899871	0.805021	0.297126721267	2.22275591323	-0.209439510239	-0.24725744994	14.023516195
12.933204	0.81634	0.365298652987	1.89797129257	-0.209439510239	0.261802005819	14.6901483391
12.966537	0.829717	0.421179628463	1.58509663233	-0.191986217719	0.770861461579	14.023516195
12.99987	0.844123	0.477632276323	1.06058197542	-0.157079632679	1.2362872497	12.1811873604
13.033203	0.8624735	0.503786287863	0.219738769753	-0.10471975512	1.57081203492	10.5812702146
13.066536	0.879109	0.487207788745	-0.490452170105	-0.0523598775598	1.89079226425	10.096446837
13.099869	0.8950585	0.460625022917	-0.910516474127	0.0174532925199	2.28349527298	8.435926769
13.133202	0.909979	0.424466744667	-1.23899318252	0.10471975512	2.53075272292	4.58158091765
13.166535	0.9235275	0.380590889242	-1.6124895413	0.191986217719	2.58893094643	0.496943961967
13.199868	0.9358755	0.319279026124	-2.04458290534	0.279252680319	2.5452972788	-3.00590494068
13.233201	0.945308	0.241102827695	-2.39116275357	0.366519142919	2.35621805237	-5.51486591939
13.266534	0.9519965	0.157495741624	-2.65484927728	0.436332312999	2.13804971419	-7.06630072748
13.299867	0.9561125	0.0634556345563	-2.86136799096	0.506145483078	1.94897048777	-10.0843262526
13.3332	0.9564555	-0.0374445411121	-2.91651110771	0.575958653158	1.49808925552	-13.635657493
13.366533	0.95354	-0.136200945343	-2.78788353517	0.610865238198	0.916307020367	-14.023516195
13.399866	0.9471945	-0.227954362877	-2.49001542506	0.628318530718	0.523604011638	-13.2356782065
13.433199	0.9379335	-0.305415970826	-2.07030841985	0.645771823238	0.13090100291	-14.520460157
13.466532	0.926443	-0.366727833945	-1.62785339024	0.645771823238	-0.465425788123	-15.2234540544
13.499865	0.913066	-0.413747887479	-1.20838458424	0.610865238198	-0.974485243883	-13.5750545708
13.533198	0.8981455	-0.440187735211	-0.945055359346	0.575958653158	-1.35264369673	-12.0114991783
13.566531	0.8844255	-0.477918112514	-0.615983152935	0.523598775598	-1.77443581722	-10.1812909281
13.599864	0.8659035	-0.499355826892	0.175791015803	0.453785605519	-2.0653269348	-7.42991826063
13.633197	0.8490965	-0.464055057217	0.919925342859	0.383972435439	-2.28349527298	-4.27856630669
13.66653	0.8350335	-0.422465891326	1.25935921484	0.296705972839	-2.34167349649	-1.32114370377
13.699863	0.821142	-0.380733807338	1.56770809012	0.226892802759	-2.34167349649	0.727235066293
13.733196	0.8089655	-0.319850698507	1.91393063953	0.13962634016	-2.29803982886	2.76349325191
13.766529	0.799876	-0.255108801088	2.32315687957	0.0698131700798	-2.13804971419	4.33916922888
13.799862	0.791301	-0.168500435004	2.79467221261	0	-2.02169326716	6.24210098568
13.833195	0.787871	-0.0598826821602	2.99309215321	-0.0698131700798	-1.75989126134	8.95711189984
13.866528	0.7876995	0.0405887392207	2.89209568885	-0.12217304764	-1.36718825261	10.1934115125
13.899861	0.7907865	0.134485928193	2.68855446526	-0.157079632679	-1.04720802328	10.593390799
13.933194	0.796789	0.221237212372	2.42058035581	-0.191986217719	-0.712683238063	12.1811873604
13.966527	0.8058785	0.296840885076	2.11580446866	-0.209439510239	-0.24725744994	14.023516195
13.99986	0.8168545	0.36172570059	1.80292980842	-0.209439510239	0.261802005819	14.6901483391
14.033193	0.83006	0.420179201792	1.39298897075	-0.191986217719	0.770861461579	14.023516195
14.066526	0.845495	0.458052497192	0.877406784159	-0.157079632679	1.2362872497	12.1811873604
14.099859	0.8611015	0.477489358227	0.369327872632	-0.10471975512	1.57081203492	10.5812702146
14.133192	0.8775655	0.48392067254	-0.177458410262	-0.0523598775598	1.89079226425	10.096446837
14.166525	0.8940295	0.467342173422	-0.758307179957	0.0174532925199	2.28349527298	8.435926769
14.199858	0.909293	0.430612222789	-1.26245580455	0.10471975512	2.53075272292	4.58158091765
14.233191	0.923013	0.380876725434	-1.69562106503	0.191986217719	2.58893094643	0.496943961967
14.266524	0.935018	0.317706927069	-2.11056408607	0.279252680319	2.5452972788	-3.00590494068
14.299857	0.944622	0.239387810545	-2.48084475554	0.366519142919	2.35621805237	-5.51486591939
14.33319	0.9513105	0.149206492065	-2.74238748636	0.436332312999	2.13804971419	-7.06630072748
14.366523	0.9547405	0.0523080230802	-2.8594623973	0.506145483078	1.94897048777	-10.0843262526
14.399856	0.9547405	-0.0441616916169	-2.86291628582	0.575958653158	1.49808925552	-13.635657493
14.433189	0.951825	-0.140631406314	-2.76537370998	0.610865238198	0.916307020367	-14.023516195
14.466522	0.945308	-0.233242332423	-2.50299728192	0.628318530718	0.523604011638	-13.2356782065
14.499855	0.9358755	-0.312276039427	-2.07471510521	0.645771823238	0.13090100291	-14.520460157
14.533188	0.924042	-0.373730820642	-1.56901818576	0.645771823238	-0.465425788123	-15.21133347
14.566521	0.9104935	-0.417749594163	-1.05653258888	0.610865238198	-0.974485243883	-13.5023310642
14.599854	0.8954015	-0.438043963773	-0.711739234713	0.575958653158	-1.35264369673	-11.672122814
14.633187	0.88151	-0.459767514342	-0.495811652295	0.523598775598	-1.75989126134	-9.45405586181
14.66652	0.8648745	-0.47977604776	-0.0415657618666	0.453785605519	-2.02169326716	-6.33906566119
14.699853	0.848582	-0.470057617243	0.617174148977	0.383972435439	-2.13804971419	-4.35128981332
14.733186	0.832804	-0.436186028527	1.22470123001	0.314159265359	-2.29803982886	-2.76349325191
14.766519	0.8189125	-0.380590889242	1.63583306372	0.226892802759	-2.34167349649	-0.727235066293
14.799852	0.807765	-0.327282439491	2.03231564611	0.157079632679	-2.34167349649	1.32114370377
14.833185	0.796446	-0.252822111554	2.60244545143	0.0698131700798	-2.28349527298	4.26644572225
14.866518	0.789929	-0.148634819682	3.01059979503	0	-2.0653269348	7.33295358512
14.899851	0.7866705	-0.0438758554252	3.14041836361	-0.0698131700798	-1.77443581722	9.68434696613
14.933184	0.7866705	0.0687436041027	2.98332598567	-0.12217304764	-1.36718825261	10.5327878768
14.966517	0.7918155	0.16349830165	2.56695376937	-0.157079632679	-1.04720802328	10.6539937212
14.99985	0.7983325	0.235814858149	2.24240734792	-0.191986217719	-0.712683238063	12.1205844382
15.033183	0.807422	0.307416824168	2.05947035587	-0.209439510239	-0.24725744994	13.6962604152
15.066516	0.8189125	0.374159574929	1.84473376949	-0.209439510239	0.24725744994	14.0356367795
15.099849	0.832461	0.435471438048	1.46563972931	-0.191986217719	0.727227793942	13.2599193754
15.133182	0.8484105	0.479061457281	0.861328337592	-0.157079632679	1.10538624679	12.9084224267
15.166515	0.8652175	0.49492536592	0.186033581764	-0.12217304764	1.57081203492	12.7872165823
15.199848	0.8820245	0.487922379224	-0.393028693868	-0.0523598775598	2.02169326716	10.8236819033
15.233181	0.8981455	0.464626729601	-0.846679086275	0.0174532925199	2.32712894062	7.67232994939
15.266514	0.9132375	0.430183468501	-1.25030764492	0.10471975512	2.5452972788	3.91494877354
15.299847	0.927129	0.383163414967	-1.69419186978	0.191986217719	2.58893094643	0.0969646755057
15.33318	0.9393055	0.317992763261	-2.1510579515	0.279252680319	2.5452972788	-3.40588422714
15.366513	0.948738	0.237529875299	-2.53277218297	0.366519142919	2.34167349649	-6.18149806349
15.399846	0.9554265	0.14591937586	-2.79574410905	0.436332312999	2.09441604655	-7.82989754709
15.433179	0.958685	0.046877135438	-2.9078168366	0.506145483078	1.81806948486	-9.3570911863
15.466512	0.9585135	-0.051593432601	-2.89483497974	0.558505360638	1.49808925552	-11.4297111252
15.499845	0.9550835	-0.147062720627	-2.8057484758	0.610865238198	1.04720802328	-13.2962811287
15.533178	0.948738	-0.239959482928	-2.61959579443	0.628318530718	0.567237679275	-13.9992750261
15.566511	0.9393055	-0.333142081421	-2.12021115401	0.645771823238	0.145445558788	-15.1749717166
15.599844	0.925071	-0.385593022597	-1.50756278999	0.645771823238	-0.465425788123	-15.5385892498
15.633177	0.913066	-0.4198933656	-1.23411009875	0.610865238198	-0.974485243883	-13.5750545708
15.66651	0.8978025	-0.466627582942	-1.00484336066	0.575958653158	-1.35264369673	-11.6842433984
15.699843	0.8813385	-0.495354120208	-0.55774344648	0.523598775598	-1.75989126134	-9.44193527737
15.733176	0.8641885	-0.50492963263	-0.0198896339018	0.453785605519	-2.02169326716	-6.25422157012
15.766509	0.847553	-0.501785434521	0.689586708332	0.383972435439	-2.13804971419	-3.93918994242
15.799842	0.829717	-0.464483811505	1.52340303735	0.314159265359	-2.28349527298	-1.69688182135
15.833175	0.8154825	-0.392310173102	2.11890105836	0.226892802759	-2.28349527298	1.09085259944
15.866508	0.8034775	-0.312276039427	2.3862796698	0.157079632679	-2.15259427007	2.33927279658
15.899841	0.794731	-0.230526888602	2.53134298772	0.0872664625997	-2.09441604655	2.75137266747
15.933174	0.7880425	-0.14591937586	2.703680115	0.0174532925199	-2.02169326716	4.43613390439
15.966507	0.7846125	-0.0500213335467	2.85017262817	-0.0523598775598	-1.81806948486	6.7875272854
15.99984	0.7846125	0.0490209068757	2.84505134519	-0.10471975512	-1.55626747904	9.00559423759
16.033173	0.7880425	0.143632686327	2.70189362094	-0.157079632679	-1.2362872497	11.5993993074
16.066506	0.794388	0.23095564289	2.47750996662	-0.191986217719	-0.770861461579	13.5992957397
16.099839	0.803649	0.309989349894	2.19786409595	-0.209439510239	-0.276346561698	14.0356367795
16.133172	0.815311	0.378875872092	1.86152681368	-0.209439510239	0.203623782304	13.3447634665
16.166505	0.8292025	0.436186028527	1.44658379264	-0.191986217719	0.581782235154	13.332642882
16.199838	0.844809	0.477489358227	0.94827104866	-0.174532925199	1.06175257916	13.9507926884
16.233171	0.8614445	0.502071270713	0.362062796775	-0.12217304764	1.55626747904	13.1750752843
16.266504	0.8789375	0.503071697384	-0.267021312622	-0.0698131700798	2.00714871128	10.4479437857
16.299837	0.895573	0.482348573486	-0.839294910814	0.0174532925199	2.28349527298	6.72692436321
16.33317	0.9115225	0.444618196182	-1.33260547142	0.0872664625997	2.39985172001	4.33916922888
16.366503	0.9255855	0.391881418814	-1.76493703468	0.174532925199	2.55984183468	2.26654928995
16.399836	0.9379335	0.326996603299	-2.1738059759	0.261799387799	2.58893094643	-0.848440910675
16.433169	0.9478805	0.24539037057	-2.50990505896	0.349065850399	2.53075272292	-4.73914851534
16.466502	0.954569	0.154637379707	-2.69117465656	0.436332312999	2.28349527298	-8.86014722434
16.499835	0.9581705	0.0621693716937	-2.75775133531	0.506145483078	1.87624770837	-11.175178852
16.533168	0.9585135	-0.0268686020194	-2.85624670798	0.558505360638	1.5126338114	-12.4963225558
16.566501	0.9567985	-0.126911269113	-2.94950169807	0.610865238198	1.04720802328	-13.7083809996
16.599834	0.9502815	-0.231813151465	-2.78085665852	0.628318530718	0.567237679275	-14.0841191172
16.633167	0.940849	-0.320994043274	-2.33613873643	0.645771823238	0.145445558788	-15.1870923011
16.6665	0.9283295	-0.390738074047	-1.77303580776	0.645771823238	-0.465425788123	-15.5385892498
16.699833	0.914095	-0.436471864719	-1.27150737446	0.610865238198	-0.974485243883	-13.5750545708
16.733166	0.899003	-0.47120096201	-0.882289867931	0.575958653158	-1.35264369673	-11.6842433984
16.766499	0.882539	-0.497069137358	-0.441502232778	0.523598775598	-1.75989126134	-9.45405586181
16.799832	0.865389	-0.505215468821	0.133153357498	0.453785605519	-2.02169326716	-6.33906566119
16.833165	0.848239	-0.490923659237	0.795466256468	0.383972435439	-2.13804971419	-4.35128981332
16.866498	0.8319465	-0.451049510495	1.42931435003	0.314159265359	-2.29803982886	-2.76349325191
16.899831	0.817712	-0.392453091198	1.95442450496	0.226892802759	-2.34167349649	-0.727235066293
16.933164	0.805364	-0.317992763261	2.36210245015	0.157079632679	-2.34167349649	1.32114370377
16.966497	0.796103	-0.229812298123	2.59101188942	0.0698131700798	-2.28349527298	4.26644572225
16.99983	0.7901005	-0.14077432441	2.65913686303	0	-2.0653269348	7.33295358512
17.033163	0.7866705	-0.0510217602176	2.66104245669	-0.0698131700798	-1.77443581722	9.68434696613
17.066496	0.7866705	0.0388737220706	2.61804749958	-0.12217304764	-1.36718825261	10.5327878768
17.099829	0.7897575	0.118764937649	2.6895072621	-0.157079632679	-1.04720802328	10.6661143056
17.133162	0.794045	0.212662126621	2.84445584717	-0.191986217719	-0.712683238063	12.1933079448
17.166495	0.8031345	0.323423650903	2.56314258204	-0.209439510239	-0.24725744994	14.023516195
17.199828	0.8168545	0.399170241702	1.8363967972	-0.209439510239	0.261802005819	14.6901483391
17.233161	0.8309175	0.439473144731	1.21445866405	-0.191986217719	0.770861461579	14.023516195
17.266494	0.8460095	0.473916405831	0.741633235368	-0.157079632679	1.2362872497	12.1811873604
17.299827	0.8628165	0.494210775441	0.174123621344	-0.10471975512	1.57081203492	10.5812702146
17.33316	0.8799665	0.484921099211	-0.361824597567	-0.0523598775598	1.89079226425	10.1085674215
17.366493	0.8954015	0.463483384834	-0.735320956346	0.0174532925199	2.28349527298	8.52077086007
17.399826	0.9108365	0.437043537102	-1.13275633557	0.10471975512	2.53075272292	4.98156020411
17.433159	0.925071	0.392453091198	-1.64035884868	0.191986217719	2.60347550231	1.47871130146
17.466492	0.9375905	0.327711193779	-2.15058155308	0.279252680319	2.60347550231	-1.58779656141
17.499825	0.947366	0.245819124858	-2.56004599233	0.366519142919	2.53075272292	-5.47850416607
17.533158	0.954226	0.15349403494	-2.83635707408	0.453785605519	2.2689507171	-10.011602746
17.566491	0.9578275	0.0531655316553	-2.97201152327	0.523598775598	1.81806948486	-13.0902311933
17.599824	0.9578275	-0.0491638249716	-2.94485681351	0.575958653158	1.32355458497	-13.9386721039
17.633157	0.9543975	-0.14663396634	-2.78633524032	0.610865238198	0.843584240973	-13.3447634665
17.66649	0.9478805	-0.237386957203	-2.52860369682	0.628318530718	0.465425788123	-13.4296075575
17.699823	0.9382765	-0.317135254686	-2.19405290862	0.645771823238	-0.0145445558788	-14.4598572348
17.733156	0.926443	-0.385164268309	-1.80161971277	0.628318530718	-0.523604011638	-14.7628718457
17.766489	0.9122085	-0.438615636156	-1.35833098593	0.610865238198	-1.0326634674	-13.9386721039
17.799822	0.8967735	-0.476060177268	-0.889435844184	0.558505360638	-1.49808925552	-11.672122814
17.833155	0.880138	-0.499212908796	-0.370518868674	0.506145483078	-1.81806948486	-9.00559423759
17.866488	0.862988	-0.503071697384	0.217833176086	0.436332312999	-2.07987149067	-6.6905626099
17.899821	0.8460095	-0.485349853499	0.825122057914	0.366519142919	-2.28349527298	-3.92706935798
17.933154	0.83006	-0.446476131428	1.38453289885	0.279252680319	-2.34167349649	-1.16357610607
17.966487	0.8158255	-0.390738074047	1.8648616026	0.209439510239	-2.34167349649	1.13933493719
17.99982	0.803649	-0.320708207082	2.28004282285	0.12217304764	-2.28349527298	3.75738117585
18.033153	0.794045	-0.236386530532	2.60411284589	0.0523598775598	-2.07987149067	5.84212169922
18.066486	0.7876995	-0.144061440614	2.81384724889	-0.0174532925199	-1.84715859661	6.6905626099
18.099819	0.7842695	-0.0457337906712	2.90388654966	-0.0698131700798	-1.61444570255	7.09054189636
18.133152	0.7846125	0.0535942859429	2.85267371986	-0.12217304764	-1.43991103201	9.09043832866
18.166485	0.7880425	0.147062720627	2.70058352529	-0.174532925199	-1.0326634674	11.7327257362
18.199818	0.7945595	0.234671513382	2.49132552071	-0.191986217719	-0.581782235154	12.5084431402
18.233151	0.8038205	0.315420237536	2.21036955439	-0.209439510239	-0.203623782304	13.2599193754
18.266484	0.815997	0.383449251159	1.87403227212	-0.209439510239	0.276346561698	14.4356160659
18.299817	0.829717	0.439044390444	1.5274524239	-0.191986217719	0.785406017458	14.7628718457
18.33315	0.845152	0.491066577332	0.997459185195	-0.157079632679	1.29446547322	13.9386721039
18.366483	0.863331	0.514076390764	0.233792523049	-0.10471975512	1.75989126134	11.672122814
18.399816	0.880481	0.503071697384	-0.443288726841	-0.0349065850399	2.07987149067	8.99347365316
18.433149	0.8971165	0.478203948706	-0.941125072407	0.0349065850399	2.34167349649	6.60571851883
18.466482	0.912723	0.438472718061	-1.35928378276	0.12217304764	2.5452972788	3.50284890264
18.499815	0.9266145	0.387736794035	-1.76529433349	0.209439510239	2.58893094643	1.0362185185E-14
18.533148	0.9389625	0.322137388041	-2.19834049437	0.296705972839	2.5452972788	-3.49072831821
18.566481	0.9485665	0.239959482928	-2.58243671792	0.383972435439	2.34167349649	-6.52087442776
18.599814	0.955255	0.146491048244	-2.84600414202	0.453785605519	2.07987149067	-8.58137378226
18.633147	0.9585135	0.0461625449588	-2.9615307581	0.523598775598	1.77443581722	-10.6176319679
18.66648	0.958342	-0.0548805488055	-2.92937386496	0.575958653158	1.35264369673	-12.1811873604
18.699813	0.9547405	-0.152207772078	-2.76906579771	0.610865238198	0.974485243883	-13.9871544417
18.733146	0.948052	-0.242817844845	-2.48036835712	0.645771823238	0.450881232244	-16.2052213939
18.766479	0.9382765	-0.321994469945	-2.05863665864	0.645771823238	-0.189079226425	-15.9385685363
18.799812	0.9259285	-0.380447971146	-1.61892091992	0.628318530718	-0.698138682185	-13.2720399598
18.833145	0.9125515	-0.425467171338	-1.27793875309	0.593411945678	-1.04720802328	-11.0782141765
18.866478	0.897631	-0.466770501038	-0.894557127164	0.558505360638	-1.36718825261	-10.6176319679
18.899811	0.8809955	-0.491781167812	-0.330144102849	0.506145483078	-1.77443581722	-9.69646755057
18.933144	0.864017	-0.490066150662	0.284767153648	0.436332312999	-2.0653269348	-7.33295358512
18.966477	0.847896	-0.469771781051	0.815713189182	0.366519142919	-2.28349527298	-4.26644572225
18.99981	0.8322895	-0.434042257089	1.27877245032	0.279252680319	-2.34167349649	-1.32114370377
19.033143	0.818398	-0.380019216859	1.62856798786	0.209439510239	-2.34167349649	0.727235066293
19.066476	0.8072505	-0.327425357587	2.03279204453	0.12217304764	-2.29803982886	2.77561383635
19.099809	0.7959315	-0.25296502965	2.62686087029	0.0523598775598	-2.13804971419	4.42401331995
19.133142	0.789243	-0.145776457765	3.0127435879	-0.0174532925199	-2.02169326716	6.65420085658
19.166475	0.7863275	-0.0387308039747	3.00273922115	-0.0872664625997	-1.74534670546	10.0237233304
19.199808	0.7870135	0.0594539278726	2.79824520074	-0.13962634016	-1.3090100291	12.0236197627
19.233141	0.790615	0.146491048244	2.58517600882	-0.174532925199	-0.858128796852	11.6963639829
19.266474	0.796789	0.230383970506	2.39425934328	-0.191986217719	-0.523604011638	11.090334761
19.299807	0.80605	0.30941767751	2.11020678726	-0.209439510239	-0.189079226425	12.2781520359
19.33314	0.8178835	0.373587902546	1.74230810988	-0.209439510239	0.276346561698	14.0356367795
19.366473	0.8312605	0.425610089434	1.34570642788	-0.191986217719	0.785406017458	14.6780277547
19.399806	0.846524	0.465484238176	0.872285501178	-0.157079632679	1.29446547322	13.9265515195
19.433139	0.8628165	0.486207362074	0.323712724222	-0.10471975512	1.75989126134	11.672122814
19.466472	0.879452	0.487779461128	-0.250585567242	-0.0349065850399	2.07987149067	8.99347365316
19.499805	0.895916	0.468199681997	-0.79296516478	0.0349065850399	2.34167349649	6.60571851883
19.533138	0.911008	0.433613502802	-1.29401719966	0.12217304764	2.5452972788	3.50284890264
19.566471	0.9252425	0.382591742584	-1.79542653335	0.209439510239	2.58893094643	1.0362185185E-14
19.599804	0.937076	0.312276039427	-2.23478497325	0.296705972839	2.5452972788	-3.49072831821
19.633137	0.946337	0.230383970506	-2.56540547452	0.383972435439	2.34167349649	-6.52087442776
19.66647	0.9526825	0.138773471068	-2.79514861103	0.453785605519	2.07987149067	-8.58137378226
19.699803	0.9557695	0.0408745754124	-2.90233825481	0.523598775598	1.77443581722	-10.6176319679
19.733136	0.9554265	-0.05816766501	-2.87554084386	0.575958653158	1.35264369673	-12.1811873604
19.766469	0.951825	-0.154637379707	-2.69343754904	0.610865238198	0.974485243883	-13.9871544417
19.799802	0.944965	-0.242960762941	-2.33578143762	0.645771823238	0.450881232244	-16.2052213939
19.833135	0.9351895	-0.315420237536	-1.84628206435	0.645771823238	-0.189079226425	-15.9191756012
19.866468	0.923013	-0.361296946303	-1.48320692093	0.628318530718	-0.698138682185	-13.1350773557
19.899801	0.9111795	-0.405601556016	-1.34397948362	0.593411945678	-1.04720802328	-10.5461205197
19.933134	0.8964305	-0.455765807658	-1.11723765714	0.558505360638	-1.34391696321	-9.53041554377
19.966467	0.8799665	-0.484420885876	-0.801659435886	0.506145483078	-1.67989620401	-8.75591019817
19.9998	0.8631595	-0.498498318317	-0.579657773653	0.436332312999	-1.91988137601	-7.93413457326
