0.05	0.9742915	0.152063333333	-3.05626762346	0.0872664625997	0.93084226773	-4.63589615514
0.1	0.986468	0.01757875	-3.51059441358	0.13962634016	0.741764932098	-5.94112232106
0.15	0.984753	-0.177445333333	-3.97932402778	0.174532925199	0.430514548825	-7.7780274906
0.2	0.9701755	-0.399690277778	-4.07068483025	0.191986217719	-0.0387850944888	-9.43824500747
0.25	0.943593	-0.612255	-3.56885677469	0.174532925199	-0.610865238198	-9.2798725383
0.3	0.9070635	-0.776609166667	-2.56422141975	0.12217304764	-1.02780500395	-7.67298452636
0.35	0.8635025	-0.879318611111	-1.27153487654	0.0698131700798	-1.37687085435	-5.71541461841
0.4	0.8161685	-0.908473611111	0.148262808642	-0.0174532925199	-1.63867024215	-3.00584482288
0.45	0.769692	-0.863121388889	1.54180617284	-0.10471975512	-1.68715161026	-0.183151835086
0.5	0.72716	-0.749073888889	2.80593055556	-0.191986217719	-1.59988514766	1.70223470256
0.55	0.6923455	-0.573762777778	3.84795185185	-0.261799387799	-1.51261868506	3.43140349852
0.6	0.6679925	-0.352623055556	4.59122438272	-0.349065850399	-1.29930066537	5.71541461841
0.65	0.655816	-0.100422777778	4.97106512346	-0.401425727959	-0.901753446864	7.27759203532
0.7	0.657531	0.161686388889	4.92591404321	-0.436332312999	-0.523598775598	7.96171800755
0.75	0.672623	0.408741666667	4.46725740741	-0.453785605519	-0.126051557088	8.81822217751
0.8	0.69972	0.622545	3.64950941358	-0.453785605519	0.358762124021	9.48080087503
0.85	0.7369355	0.784898333333	2.54486944444	-0.418879020479	0.862968352375	9.21684675976
0.9	0.780668	0.884749444444	1.24062253086	-0.366519142919	1.33808575986	7.62773524946
0.95	0.8281735	0.914095	-0.18563287037	-0.279252680319	1.67745533664	4.80504226166
1	0.8751645	0.866551388889	-1.61421728395	-0.191986217719	1.84229198822	1.41673331258
1.05	0.9176965	0.747073055556	-2.90433132716	-0.0872664625997	1.82289944097	-2.00389654859
1.1	0.9523395	0.565664166667	-3.93708950617	0	1.59018887404	-4.44412541017
1.15	0.9760065	0.339760555556	-4.63124104938	0.0698131700798	1.34778203348	-6.21100193688
1.2	0.9873255	0.0879413888889	-4.95375632716	0.13962634016	0.989019909463	-8.11793574925
1.25	0.985096	-0.171023611111	-4.88462700617	0.174532925199	0.513902501976	-9.48080087503
1.3	0.969661	-0.4158875	-4.42708194444	0.191986217719	0	-9.92252000671
1.35	0.942221	-0.627975833333	-3.61129243827	0.174532925199	-0.513902501976	-9.40538541352
1.4	0.904834	-0.788995277778	-2.49680709877	0.13962634016	-0.989019909463	-7.74624526039
1.45	0.8607585	-0.885606944444	-1.18250308642	0.0698131700798	-1.32838948624	-5.2306009373
1.5	0.8134245	-0.910665	0.220885648148	0	-1.51261868506	-2.67724888346
1.55	0.7667765	-0.862263888889	1.59981975309	-0.0872664625997	-1.56110005317	-0.775701889775
1.6	0.7245875	-0.746501388889	2.86775524691	-0.157079632679	-1.56110005317	0.549455505257
1.65	0.6896015	-0.567950833333	3.93237854938	-0.244346095279	-1.52231495868	2.1547274716
1.7	0.665763	-0.339760555556	4.66411188272	-0.314159265359	-1.36717458073	4.19094493226
1.75	0.6546155	-0.0851783333333	4.99440817901	-0.383972435439	-1.12476774017	6.56114515102
1.8	0.6570165	0.175692222222	4.91977391975	-0.436332312999	-0.688435427176	8.42498441395
1.85	0.6727945	0.421604166667	4.46376388889	-0.453785605519	-0.213318019688	8.95289264449
1.9	0.700406	0.635693333333	3.65887839506	-0.453785605519	0.213318019688	9.10911038618
1.95	0.7383075	0.800238055556	2.53883518519	-0.436332312999	0.698131700798	8.96905310053
2	0.783069	0.898755277778	1.19224259259	-0.383972435439	1.16355283466	7.74085844172
2.05	0.831089	0.923908611111	-0.263601851852	-0.314159265359	1.51261868506	5.61845188219
2.1	0.8785945	0.871124722222	-1.69139228395	-0.226892802759	1.72593670475	3.21593075136
2.15	0.920955	0.748311666667	-2.96446219136	-0.13962634016	1.85198826184	0.339369576777
2.2	0.9557695	0.565664166667	-4.00500138889	-0.0349065850399	1.80350689373	-3.25363848211
2.25	0.9794365	0.335377777778	-4.72636003086	0.0523598775598	1.51261868506	-6.48572968951
2.3	0.9904125	0.0774608333333	-5.05607407407	0.12217304764	1.07628637206	-8.18257757339
2.35	0.987497	-0.187697222222	-4.95444444444	0.157079632679	0.659346606309	-8.95289264449
2.4	0.9708615	-0.434466666667	-4.44317330247	0.191986217719	0.174532925199	-9.34613040806
2.45	0.942564	-0.644554166667	-3.60388194444	0.174532925199	-0.31028075591	-8.99598719392
2.5	0.904491	-0.8051925	-2.49622484568	0.157079632679	-0.727220521664	-8.40882395791
2.55	0.859558	-0.902661666667	-1.17959182099	0.10471975512	-1.17324910829	-7.19140293646
2.6	0.8113665	-0.928100833333	0.254868055556	0.0349065850399	-1.50292241144	-4.81581589902
2.65	0.7636895	-0.877031944444	1.68414058642	-0.0523598775598	-1.67745533664	-1.93386790576
2.7	0.7208145	-0.754123611111	2.9754720679	-0.13962634016	-1.68715161026	0.775701889775
2.75	0.6858285	-0.569665833333	4.02109274691	-0.226892802759	-1.56110005317	2.70418297686
2.8	0.66199	-0.338521944444	4.73250015432	-0.296705972839	-1.38656712797	4.00240627849
2.85	0.651014	-0.0818436111111	5.07280061728	-0.366519142919	-1.17324910829	5.45684732182
2.9	0.653415	0.183886111111	5.02309737654	-0.418879020479	-0.853272078753	7.15908202438
2.95	0.669879	0.437039166667	4.55898873457	-0.453785605519	-0.465421133865	8.95827946317
3	0.6985195	0.65513	3.71181049383	-0.471238898038	0.048481368111	10.4127205065
3.05	0.73745	0.821008611111	2.54746311728	-0.453785605519	0.649650332687	10.2565027648
3.1	0.783412	0.917906111111	1.17726280864	-0.401425727959	1.15385656104	8.39805032055
3.15	0.832118	0.941630277778	-0.277046604938	-0.331612557879	1.51261868506	5.84469826671
3.2	0.880481	0.890561388889	-1.73082669753	-0.244346095279	1.72593670475	3.29673303154
3.25	0.9242135	0.764223055556	-3.06286296296	-0.157079632679	1.85198826184	0.53329504922
3.3	0.9595425	0.572905277778	-4.1204992284	-0.0523598775598	1.81320316735	-2.74727752629
3.35	0.9832095	0.337188055556	-4.81364506173	0.0349065850399	1.55140377955	-5.52687596465
3.4	0.9941855	0.0769844444444	-5.13044367284	0.10471975512	1.21203420277	-7.40148886494
3.45	0.99127	-0.1912225	-5.05221003086	0.157079632679	0.814486984264	-9.09833674882
3.5	0.974463	-0.444375555556	-4.56867530864	0.191986217719	0.300584482288	-10.4450414186
3.55	0.9454795	-0.663038055556	-3.71080478395	0.191986217719	-0.300584482288	-10.2672764022
3.6	0.9060345	-0.828154444444	-2.53962916667	0.157079632679	-0.804790710642	-8.44653168866
3.65	0.859901	-0.924670833333	-1.17249891975	0.10471975512	-1.16355283466	-6.11403920066
3.7	0.8106805	-0.948109166667	0.272070987654	0.0349065850399	-1.38656712797	-4.22326584433
3.75	0.762146	-0.896659166667	1.69848518519	-0.0349065850399	-1.56110005317	-2.75266434497
3.8	0.718242	-0.774417777778	3.01755308642	-0.12217304764	-1.68715161026	-0.818796439207
3.85	0.6820555	-0.586625277778	4.11891126543	-0.209439510239	-1.67745533664	1.74532925199
3.9	0.657531	-0.348240277778	4.8704941358	-0.296705972839	-1.51261868506	4.30406812452
3.95	0.646212	-0.0829869444444	5.21132391975	-0.366519142919	-1.21203420277	6.19484148084
4	0.648956	0.189316944444	5.13499583333	-0.418879020479	-0.862968352375	7.44458341437
4.05	0.665763	0.446281111111	4.6563308642	-0.453785605519	-0.475117407487	8.67277807318
4.1	0.694918	0.669231111111	3.81232854938	-0.471238898038	0.00969627362219	9.6693395288
4.15	0.734706	0.840540555556	2.64337608025	-0.453785605519	0.523598775598	9.91713318803
4.2	0.781697	0.943345277778	1.2348	-0.418879020479	1.03750127757	9.18452584769
4.25	0.832118	0.968784444444	-0.289115123457	-0.349065850399	1.50292241144	7.03518519477
4.3	0.881853	0.912856388889	-1.7795242284	-0.261799387799	1.80350689373	3.62532897096
4.35	0.9262715	0.783850277778	-3.10462638889	-0.157079632679	1.86168453546	0.172378197728
4.4	0.9626295	0.593294722222	-4.19158703704	-0.0698131700798	1.76472179924	-2.39713431215
4.45	0.9876685	0.351956111111	-4.94978641975	0.0174532925199	1.63867024215	-5.1282513824
4.5	0.9989875	0.0815577777778	-5.29151604938	0.10471975512	1.28960439175	-8.2310589415
4.55	0.996072	-0.195128888889	-5.18819259259	0.157079632679	0.736916795286	-9.78246272105
4.6	0.9787505	-0.454189166667	-4.66210046296	0.174532925199	0.22301429331	-9.58315042993
4.65	0.949081	-0.674661944444	-3.79046759259	0.174532925199	-0.213318019688	-9.14143129825
4.7	0.909293	-0.843875277778	-2.64078240741	0.157079632679	-0.688435427176	-8.49501305677
4.75	0.8621305	-0.947728055556	-1.26867654321	0.10471975512	-1.12476774017	-6.71197607403
4.8	0.811538	-0.976311388889	0.234753858025	0.0349065850399	-1.37687085435	-4.48183314092
4.85	0.7612885	-0.924575555556	1.74130725309	-0.0349065850399	-1.55140377955	-2.49409704837
4.9	0.7160125	-0.796141111111	3.10018009259	-0.12217304764	-1.64836651577	-0.226246384518
4.95	0.67914	-0.60368	4.19248688272	-0.209439510239	-1.56110005317	1.75610288935
5	0.653758	-0.363198888889	4.94322283951	-0.279252680319	-1.42535222246	3.0004580042
5.05	0.641753	-0.0948013888889	5.31856435185	-0.349065850399	-1.29930066537	4.89123136053
5.1	0.643811	0.1843625	5.28855185185	-0.418879020479	-0.979323635841	7.45535705173
5.15	0.660618	0.451807222222	4.81756203704	-0.453785605519	-0.513902501976	9.26532812787
5.2	0.690459	0.682760555556	3.93518395062	-0.471238898038	0	9.92252000671
5.25	0.7311045	0.8583575	2.72547376543	-0.453785605519	0.513902501976	9.62085816068
5.3	0.7791245	0.963353611111	1.30504089506	-0.418879020479	0.998716183086	8.40882395791
5.35	0.830403	0.992603888889	-0.21564537037	-0.349065850399	1.37687085435	6.55037151366
5.4	0.88151	0.942487777778	-1.7449066358	-0.279252680319	1.67745533664	4.12091628943
5.45	0.927815	0.813481666667	-3.15083611111	-0.174532925199	1.82289944097	1.02888236769
5.5	0.965545	0.617018888889	-4.29549274691	-0.0872664625997	1.75502552562	-1.70762152124
5.55	0.991613	0.368629722222	-5.0635375	0	1.64836651577	-4.32022858055
5.6	1.0034465	0.0929911111111	-5.39568641975	0.0872664625997	1.33808575986	-7.0513456508
5.65	1.0010455	-0.187125555556	-5.31131265432	0.13962634016	0.892057173242	-8.76435399072
5.7	0.9842385	-0.453808055556	-4.82476080247	0.174532925199	0.446028586621	-9.92252000671
5.75	0.954226	-0.684475555556	-3.9615441358	0.191986217719	-0.135747830711	-10.1218322978
5.8	0.913752	-0.862835555556	-2.77501820988	0.157079632679	-0.639954059065	-8.80206172148
5.85	0.8652175	-0.972309722222	-1.33949969136	0.12217304764	-1.02780500395	-7.0513456508
5.9	0.813253	-1.00098833333	0.203153395062	0.0523598775598	-1.34778203348	-5.07438319561
5.95	0.7619745	-0.95011	1.7108712963	-0.0174532925199	-1.54170750593	-2.97891072948
6	0.7153265	-0.824629166667	3.08620601852	-0.10471975512	-1.65806278939	-0.705673246948
6.05	0.6769105	-0.633216111111	4.24134320988	-0.191986217719	-1.59018887404	1.20126056542
6.1	0.6498135	-0.387780555556	5.07105385802	-0.261799387799	-1.52231495868	2.83885344383
6.15	0.6367795	-0.108807222222	5.47476697531	-0.349065850399	-1.33808575986	5.02051500882
6.2	0.638666	0.177883611111	5.42538132716	-0.401425727959	-1.01810873033	7.10521383759
6.25	0.65513	0.450568611111	4.94740447531	-0.453785605519	-0.62056151182	8.94211900713
6.3	0.6851425	0.687619722222	4.08487592593	-0.471238898038	-0.0678739153553	9.63163179804
6.35	0.7259595	0.871886944444	2.89475061728	-0.453785605519	0.378154671265	9.45925360032
6.4	0.7750085	0.98784	1.44160570988	-0.436332312999	0.872664625997	9.04985538071
6.45	0.828002	1.02223527778	-0.157420061728	-0.366519142919	1.33808575986	7.40148886494
6.5	0.8806525	0.971452222222	-1.74215416667	-0.296705972839	1.66775906302	4.63805088261
6.55	0.9283295	0.840826388889	-3.15861712963	-0.191986217719	1.82289944097	1.38979921918
6.6	0.96726	0.644935277778	-4.30861990741	-0.10471975512	1.76472179924	-1.22280784013
6.65	0.9948715	0.397403611111	-5.12959675926	-0.0174532925199	1.68715161026	-3.61455533361
6.7	1.00842	0.115476666667	-5.53632700617	0.0698131700798	1.45444104333	-6.70120243667
6.75	1.006705	-0.174548888889	-5.48694135802	0.13962634016	0.998716183086	-9.26532812787
6.8	0.9904125	-0.450568611111	-4.99790169753	0.174532925199	0.426636039376	-9.89019909463
6.85	0.9602285	-0.690478055556	-4.10573117284	0.174532925199	-0.0290888208666	-9.46464041899
6.9	0.9190685	-0.873506666667	-2.89972623457	0.174532925199	-0.513902501976	-8.83438263355
6.95	0.870191	-0.988506944444	-1.48130478395	0.12217304764	-0.959931088597	-7.29375249136
7	0.8171975	-1.02652277778	0.061612962963	0.0698131700798	-1.24112302364	-5.67232006898
7.05	0.7643755	-0.983933611111	1.63237299383	0	-1.52231495868	-3.97008536642
7.1	0.715498	-0.859405555556	3.09668657407	-0.0872664625997	-1.67745533664	-1.55679059823
7.15	0.6755385	-0.663038055556	4.2919992284	-0.174532925199	-1.68715161026	1.03426918637
7.2	0.647241	-0.415696944444	5.12980848765	-0.261799387799	-1.55140377955	3.2320912074
7.25	0.6326635	-0.135008611111	5.57713765432	-0.331612557879	-1.34778203348	5.03667546486
7.3	0.633178	0.158923333333	5.59222330247	-0.401425727959	-1.03750127757	6.60962651913
7.35	0.648956	0.44247	5.15034614198	-0.436332312999	-0.678739153553	7.99403891963
7.4	0.678797	0.691335555556	4.27521975309	-0.471238898038	-0.261799387799	9.63163179804
7.45	0.7203	0.884558888889	3.03862006173	-0.471238898038	0.319977029532	10.4127205065
7.5	0.7702065	1.00451361111	1.56234382716	-0.436332312999	0.853272078753	9.57776361125
7.55	0.823886	1.04481611111	-0.0257779320988	-0.383972435439	1.32838948624	7.52538569456
7.6	0.8779085	1.00279861111	-1.63014984568	-0.296705972839	1.64836651577	4.50338041564
7.65	0.927472	0.877984722222	-3.12786358025	-0.209439510239	1.75502552562	1.74532925199
7.7	0.968632	0.680092777778	-4.37351466049	-0.12217304764	1.82289944097	-1.01810873033
7.75	0.997787	0.425034166667	-5.23609614198	-0.0174532925199	1.67745533664	-4.08859537736
7.8	1.0123645	0.1380575	-5.64584351852	0.0523598775598	1.37687085435	-6.39954059065
7.85	1.01185	-0.156731944444	-5.61588395062	0.12217304764	1.00841245671	-8.08022801849
7.9	0.9962435	-0.439706944444	-5.16686095679	0.157079632679	0.542991322843	-9.1037235675
7.95	0.966574	-0.689239444444	-4.31661265432	0.174532925199	0.0969627362219	-9.80939681445
8	0.9252425	-0.8857975	-3.10796111111	0.174532925199	-0.475117407487	-9.61547134201
8.05	0.8751645	-1.01118305556	-1.62707978395	0.12217304764	-0.950234814975	-7.76240571643
8.1	0.820799	-1.05367694444	-0.0153503086419	0.0698131700798	-1.24112302364	-5.85547190407
8.15	0.7664335	-1.01165944444	1.58034074074	0	-1.52231495868	-4.00779309717
8.2	0.716527	-0.890275555556	3.04576589506	-0.0872664625997	-1.67745533664	-1.56217741691
8.25	0.674681	-0.699148333333	4.29771589506	-0.174532925199	-1.68715161026	1.03965600505
8.3	0.644154	-0.447900833333	5.22519212963	-0.261799387799	-1.55140377955	3.26979893815
8.35	0.628376	-0.158732777778	5.71338487654	-0.331612557879	-1.34778203348	5.21982729995
8.4	0.6278615	0.142059166667	5.73455771605	-0.401425727959	-1.02780500395	7.08366656288
8.45	0.6429535	0.432942222222	5.29580354938	-0.436332312999	-0.639954059065	8.80744854016
8.5	0.672623	0.687905555556	4.44211466049	-0.471238898038	-0.135747830711	10.1272191165
8.55	0.713783	0.890561388889	3.2414029321	-0.453785605519	0.446028586621	9.95484091878
8.6	0.7643755	1.02404555556	1.74760617284	-0.418879020479	0.892057173242	8.90979809506
8.65	0.8195985	1.07254194444	0.0822035493827	-0.366519142919	1.34778203348	7.34223385947
8.7	0.8751645	1.03252527778	-1.59103302469	-0.279252680319	1.67745533664	4.65421133865
8.75	0.9262715	0.906949166667	-3.11066064815	-0.191986217719	1.84229198822	1.34670466975
8.8	0.968632	0.710391111111	-4.35774089506	-0.0872664625997	1.82289944097	-2.19243520235
8.85	0.999502	0.458000277778	-5.26452067901	0	1.58049260042	-4.9235522726
8.9	1.015966	0.167688888889	-5.75641867284	0.0698131700798	1.308996939	-7.06211928816
8.95	1.0168235	-0.1363425	-5.77986759259	0.13962634016	0.862968352375	-8.79128808412
9	1.001903	-0.429416944444	-5.32756280864	0.157079632679	0.378154671265	-9.46464041899
9.05	0.972405	-0.686095277778	-4.44841358025	0.174532925199	-0.0775701889775	-9.92790682539
9.1	0.9310735	-0.887131388889	-3.23621558642	0.157079632679	-0.649650332687	-9.45386678164
9.15	0.8809955	-1.01937694444	-1.77618950617	0.10471975512	-1.11507146655	-7.21833702985
9.2	0.825944	-1.07092222222	-0.163295524691	0.0349065850399	-1.37687085435	-4.66498497601
9.25	0.7705495	-1.03747972222	1.48680972222	-0.0349065850399	-1.55140377955	-2.49948386705
9.3	0.7187565	-0.918287222222	3.03311512346	-0.12217304764	-1.64836651577	-0.0861890988639
9.35	0.67571	-0.723634722222	4.32148240741	-0.209439510239	-1.55140377955	2.04699109802
9.4	0.644154	-0.471815555556	5.2522933642	-0.279252680319	-1.3962634016	3.33982758098
9.45	0.627004	-0.181694722222	5.76107669753	-0.349065850399	-1.21203420277	4.56802223979
9.5	0.6254605	0.122146111111	5.81654953704	-0.401425727959	-0.979323635841	6.47495605215
9.55	0.6395235	0.417888333333	5.4150066358	-0.453785605519	-0.601168964576	8.93673218845
9.6	0.668507	0.681426666667	4.56745787037	-0.471238898038	-0.0290888208666	10.2295686714
9.65	0.7098385	0.890180277778	3.33371651235	-0.453785605519	0.504206228354	9.76630226502
9.7	0.760431	1.02604638889	1.82012314815	-0.418879020479	0.989019909463	8.2579930349
9.75	0.8158255	1.07740111111	0.182044074074	-0.349065850399	1.34778203348	6.21531139182
9.8	0.871563	1.04272	-1.38895944444	-0.279252680319	1.59018887404	4.3547042201
9.85	0.923356	0.9252425	-2.60241722222	-0.191986217719	1.81320316735	1.96187936289
9.9	0.9670885	0.753856833333	-3.16255527778	-0.0872664625997	1.82096018625	-0.795094437019
9.95	0.9989875	0.576049444444	-3.10540978395	0	1.65806278939	-2.27431484627
10	1.016652	0.445518888889	-2.86612493827	0.0698131700798	1.51261868506	-2.81622880538
