0.033333	0.9543975	-0.0348720153868	-0.156806538893	0	0	0
0.066666	0.9533685	-0.0399456077894	-0.16976457583	0	0	0
0.099999	0.951825	-0.0451049510495	-0.194620663227	0	0	0
0.133332	0.950453	-0.0525938592719	-0.219512480505	0	0	0
0.166665	0.948395	-0.0620264535979	-0.174564289879	0	0	0
0.199998	0.9461655	-0.0667427507608	-0.0529278641075	0	0	0
0.233331	0.9437645	-0.0655994059941	0.0797967348156	0	0	0
0.266664	0.9417065	-0.0605972726394	0.191512163557	0	0	0
0.299997	0.9396485	-0.0524509411761	0.285005352856	0	0	0
0.33333	0.938105	-0.0408745754124	0.352415728835	0	0	0
0.366663	0.9369045	-0.028154864882	0.39421968991	0	0	0
0.399996	0.9362185	-0.0145776457765	0.428639475524	0	0	0
0.433329	0.9358755	0.000571672383391	0.451982997948	0	0	0
0.466662	0.9362185	0.0167214172142	0.440192137132	0	0	0
0.499995	0.937076	0.0305844725114	0.404462255871	0	0	0
0.533328	0.9382765	0.0435900192335	0.361229099546	0	0	0
0.566661	0.9399915	0.0554522211889	0.288459241378	0	0	0
0.599994	0.9420495	0.0643131431314	0.170550633218	0	0	0
0.633327	0.9444505	0.0674573412401	0.031799594322	0	0	0
0.66666	0.94668	0.0657423240899	-0.0892056035476	0	0	0
0.699993	0.9489095	0.0607401907352	-0.185795382556	0	0	0
0.733326	0.950796	0.0530226135595	-0.267735910247	0	0	0
0.766659	0.952511	0.0427325106584	-0.340267569206	0	0	0
0.799992	0.9537115	0.030012800128	-0.398388176057	0	0	0
0.833325	0.954569	0.0154351543515	-0.432093364046	0	0	0
0.866658	0.9547405	0.000428754287543	-0.439120240694	0	0	0
0.899991	0.954569	-0.0138630552972	-0.435666352172	0	0	0
0.933324	0.953883	-0.0294411277446	-0.402794861413	0	0	0
0.966657	0.952511	-0.0421608382751	-0.324308222243	0	0	0
0.99999	0.9509675	-0.0511646783135	-0.235698116717	0	0	0
1.033323	0.949081	-0.0584535012017	-0.133153357498	0	0	0
1.066656	0.9468515	-0.0594539278726	-0.047639841681	0	0	0
1.099989	0.9451365	-0.060025600256	-0.00142919525042	0	0	0
1.133322	0.942907	-0.0610260269269	0.0830124241291	0	0	0
1.166655	0.940849	-0.0555951392847	0.197228944559	0	0	0
1.199988	0.939134	-0.0473058897256	0.298225408923	0	0	0
1.233321	0.9375905	-0.0351578515785	0.379689538197	0	0	0
1.266654	0.936733	-0.0208660419938	0.423160893731	0	0	0
1.299987	0.9362185	-0.00657423240899	0.446623515759	0	0	0
1.33332	0.9362185	0.00957551242179	0.443646025654	0	0	0
1.366653	0.9369045	0.0242960762941	0.401246566558	0	0	0
1.399986	0.9379335	0.0363011963453	0.350986533584	0	0	0
1.433319	0.9393055	0.047877562109	0.288935639795	0	0	0
1.466652	0.941192	0.0567384840515	0.196633446538	0	0	0
1.499985	0.94325	0.0608831088311	0.105164950511	0	0	0
1.533318	0.945308	0.0625981259813	0.0357298812607	0	0	0
1.566651	0.947366	0.0643131431314	-0.0641946866651	0	0	0
1.599984	0.949767	0.0604543545435	-0.218309574503	0	0	0
1.633317	0.9516535	0.048735070684	-0.344197856145	0	0	0
1.66665	0.9530255	0.0354436877702	-0.407677945185	0	0	0
1.699983	0.9540545	0.0205802058021	-0.431021467608	0	0	0
1.733316	0.9543975	0.00585964192975	-0.423637292148	0	0	0
1.766649	0.9543975	-0.00771757717577	-0.410893634498	0	0	0
1.799982	0.953883	-0.0211518781854	-0.402556662204	0	0	0
1.833315	0.9530255	-0.0351578515785	-0.373972757196	0	0	0
1.866648	0.951482	-0.0473058897256	-0.307515178051	0	0	0
1.899981	0.949767	-0.0560238935723	-0.222001662233	0	0	0
1.933314	0.947709	-0.0625981259813	-0.114931118055	0	0	0
1.966647	0.9454795	-0.0645989793231	0.0159593469631	0	0	0
1.99998	0.94325	-0.0615976993103	0.14256222623	0	0	0
2.033313	0.941192	-0.0530226135595	0.211878195876	0	0	0
2.066646	0.93982	-0.0461625449588	0.24260589376	0	0	0
2.099979	0.938105	-0.038444967783	0.308587074488	0	0	0
2.133312	0.937076	-0.0257252572526	0.376592948488	0	0	0
2.166645	0.93639	-0.0122909562429	0.415538519062	0	0	0
2.199978	0.9362185	0.00257252572526	0.430306869983	0	0	0
2.233311	0.9365615	0.0172930895976	0.412799228166	0	0	0
2.266644	0.937419	0.0305844725114	0.374449155612	0	0	0
2.299977	0.9386195	0.0427325106584	0.316447648366	0	0	0
2.33331	0.9403345	0.0524509411761	0.232720626611	0	0	0
2.366643	0.942221	0.0584535012017	0.1388701385	0	0	0
2.399976	0.944279	0.0620264535979	0.0371590765111	0	0	0
2.433309	0.9465085	0.0607401907352	-0.0563341127877	0	0	0
2.466642	0.948395	0.0570243202432	-0.118146807369	0	0	0
2.499975	0.9502815	0.0530226135595	-0.186867278994	0	0	0
2.533308	0.9519965	0.0461625449588	-0.295843416839	0	0	0
2.566641	0.95354	0.03372867062	-0.411727331728	0	0	0
2.599974	0.9543975	0.0165784991183	-0.466394050057	0	0	0
2.633307	0.954569	0.000714590479238	-0.459724472221	0	0	0
2.66664	0.9543975	-0.0138630552972	-0.443288726841	0	0	0
2.699973	0.9537115	-0.0294411277446	-0.402794861413	0	0	0
2.733306	0.9523395	-0.0420179201792	-0.325380118681	0	0	0
2.766639	0.950796	-0.0510217602176	-0.245106985449	0	0	0
2.799972	0.9489095	-0.05816766501	-0.165667549446	0	0	0
2.833305	0.9468515	-0.0625981259813	-0.0719361609382	0	0	0
2.866638	0.944622	-0.0631697983647	0.0297749010506	0	0	0
2.899971	0.942564	-0.0605972726394	0.135058951166	0	0	0
2.933304	0.940506	-0.0545947126138	0.249513670804	0	0	0
2.966637	0.938791	-0.0440187735211	0.355512318544	0	0	0
2.99997	0.937419	-0.0290123734571	0.402794861413	0	0	0
3.033303	0.9369045	-0.0148634819682	0.383262526323	0	0	0
3.066636	0.9365615	-0.00400170668373	0.370399769069	0	0	0
3.099969	0.9365615	0.00857508575086	0.385763618012	0	0	0
3.133302	0.937076	0.0224381410481	0.382190629885	0	0	0
3.166635	0.938105	0.0351578515785	0.344793354166	0	0	0
3.199968	0.939477	0.0458767087671	0.284886253252	0	0	0
3.233301	0.941192	0.0548805488055	0.198419940601	0	0	0
3.266634	0.94325	0.0598826821602	0.0884910059224	0	0	0
3.299967	0.945308	0.0605972726394	-0.0181031398388	0	0	0
3.3333	0.947366	0.05816766501	-0.110286233491	0	0	0
3.366633	0.9492525	0.0530226135595	-0.19329865762	0	0	0
3.399966	0.9509675	0.0451621182879	-0.26725951183	0	0	0
3.433299	0.9523395	0.0348720153868	-0.327523911557	0	0	0
3.466632	0.9533685	0.0221523048564	-0.35765611142	0	0	0
3.499965	0.9537115	0.011290529572	-0.391004000596	0	0	0
3.533298	0.954226	-0.00257252572526	-0.449601005864	0	0	0
3.566631	0.9537115	-0.0207231238979	-0.448290910218	0	0	0
3.599964	0.9526825	-0.034729097291	-0.378855840968	0	0	0
3.633297	0.9513105	-0.0458767087671	-0.298225408923	0	0	0
3.66663	0.9495955	-0.0548805488055	-0.205089518437	0	0	0
3.699963	0.9475375	-0.060025600256	-0.100281866738	0	0	0
3.733296	0.9454795	-0.0611689450228	-0.00488308377229	0	0	0
3.766629	0.9434215	-0.0601685183518	0.0843225197753	0	0	0
3.799962	0.9413635	-0.0555951392847	0.173409023719	0	0	0
3.833295	0.9396485	-0.0483063163965	0.254754053389	0	0	0
3.866628	0.938105	-0.0390166401664	0.344078756541	0	0	0
3.899961	0.9369045	-0.0251535848692	0.42113620046	0	0	0
3.933294	0.93639	-0.00971843051764	0.455317786866	0	0	0
3.966627	0.9362185	0.00671715050484	0.438048344256	0	0	0
3.99996	0.9369045	0.0210089600896	0.373496358779	0	0	0
4.033293	0.937762	0.0311561448948	0.316447648366	0	0	0
4.066626	0.9389625	0.0411604116041	0.280598667501	0	0	0
4.099959	0.940506	0.0504500878342	0.227956642443	0	0	0
4.133292	0.9423925	0.0574530745307	0.14256222623	0	0	0
4.166625	0.9444505	0.0604543545435	0.038230972949	0	0	0
4.199958	0.9465085	0.060025600256	-0.0678867743954	0	0	0
4.233291	0.9485665	0.0555951392847	-0.163285557361	0	0	0
4.266624	0.9502815	0.0484492344923	-0.237246411571	0	0	0
4.299957	0.951825	0.0397312306456	-0.304894986758	0	0	0
4.33329	0.9530255	0.0278690286903	-0.359204406274	0	0	0
4.366623	0.9537115	0.015006400064	-0.387907410887	0	0	0
4.399956	0.9540545	0.00114334476678	-0.391242199805	0	0	0
4.433289	0.9537115	-0.0110046933803	-0.391123100201	0	0	0
4.466622	0.9533685	-0.0242960762941	-0.399460072495	0	0	0
4.499955	0.952168	-0.0391595582623	-0.360514501921	0	0	0
4.533288	0.9506245	-0.0500213335467	-0.269403304706	0	0	0
4.566621	0.948738	-0.0574530745307	-0.161499063298	0	0	0
4.599954	0.94668	-0.0605972726394	-0.0564532123919	0	0	0
4.633287	0.944622	-0.0607401907352	0.0341815864061	0	0	0
4.66662	0.942564	-0.05816766501	0.119695102223	0	0	0
4.699953	0.9406775	-0.0528796954636	0.207233311312	0	0	0
4.733286	0.9389625	-0.0445904459045	0.297510811298	0	0	0
4.766619	0.9375905	-0.0325853258533	0.370161569861	0	0	0
4.799952	0.936733	-0.0185793524602	0.403271259829	0	0	0
4.833285	0.93639	-0.00514505145051	0.417563212334	0	0	0
4.866618	0.93639	0.00871800384671	0.437214647027	0	0	0
4.899951	0.9369045	0.0241531581982	0.440073037528	0	0	0
4.933284	0.9379335	0.0405887392207	0.367660478173	0	0	0
4.966617	0.93982	0.0508788421218	0.230576833736	0	0	0
4.99995	0.941535	0.0545947126138	0.123148990745	0	0	0
5.033283	0.9434215	0.0578818288183	0.0497836345566	0	0	0
5.066616	0.9454795	0.05816766501	-0.0238199208405	0	0	0
5.099949	0.947366	0.0561668116681	-0.0950414841535	0	0	0
5.133282	0.9492525	0.0523080230802	-0.180554999971	0	0	0
5.166615	0.9509675	0.0445904459045	-0.275596484124	0	0	0
5.199948	0.9523395	0.0331569982366	-0.347651744667	0	0	0
5.233281	0.953197	0.0204372877062	-0.388741108117	0	0	0
5.266614	0.9537115	0.00700298669653	-0.413632925395	0	0	0
5.299947	0.9537115	-0.00771757717577	-0.411608232124	0	0	0
5.33328	0.953197	-0.0218664686647	-0.365278486089	0	0	0
5.366613	0.952168	-0.0332999163325	-0.286196348898	0	0	0
5.399946	0.950796	-0.0397312306456	-0.236293614738	0	0	0
5.433279	0.9495955	-0.0474488078214	-0.224264554713	0	0	0
5.466612	0.947709	-0.0564526478598	-0.163761955778	0	0	0
5.499945	0.945651	-0.0601685183518	-0.0495454353482	0	0	0
5.533278	0.943593	-0.0598826821602	0.0753900494601	0	0	0
5.566611	0.941535	-0.0548805488055	0.191035765141	0	0	0
5.599944	0.93982	-0.0460196268629	0.270237001935	0	0	0
5.633277	0.938448	-0.0358724420578	0.317876843616	0	0	0
5.66661	0.937419	-0.0248677486775	0.360514501921	0	0	0
5.699943	0.936733	-0.0120051200512	0.401722964975	0	0	0
5.733276	0.9365615	0.00257252572526	0.419945204418	0	0	0
5.766609	0.9369045	0.0171501715017	0.40160386537	0	0	0
5.799942	0.937762	0.030012800128	0.359442605483	0	0	0
5.833275	0.9389625	0.0410174935083	0.31204096301	0	0	0
5.866608	0.940506	0.0510217602176	0.25082376645	0	0	0
5.899941	0.9423925	0.0591680916809	0.147802608815	0	0	0
5.933274	0.944622	0.061883535502	0.0160784465673	0	0	0
5.966607	0.94668	0.0591680916809	-0.0893247031518	0	0	0
5.99994	0.9485665	0.0551663849972	-0.17090793203	0	0	0
6.033273	0.950453	0.047877562109	-0.2493945712	0	0	0
6.066606	0.951825	0.0381591315913	-0.315375751928	0	0	0
6.099939	0.9530255	0.0268686020194	-0.37778394453	0	0	0
6.133272	0.9537115	0.0125767924346	-0.422088997293	0	0	0
6.166605	0.953883	-0.00242960762941	-0.426852981461	0	0	0
6.199938	0.95354	-0.0170072534059	-0.393385992681	0	0	0
6.233271	0.9526825	-0.0294411277446	-0.332645194537	0	0	0
6.266604	0.951482	-0.0388737220706	-0.273095392436	0	0	0
6.299937	0.95011	-0.0477346440131	-0.208900705771	0	0	0
6.33327	0.9482235	-0.0538801221346	-0.119576002619	0	0	0
6.366603	0.946337	-0.0548805488055	-0.0495454353482	0	0	0
6.399936	0.944622	-0.056309729764	0.00131009564624	0	0	0
6.433269	0.942564	-0.056309729764	0.0905156991938	0	0	0
6.466602	0.9406775	-0.0507359240259	0.193775056037	0	0	0
6.499935	0.939134	-0.0427325106584	0.281789663543	0	0	0
6.533268	0.937762	-0.031870735374	0.360514501921	0	0	0
6.566601	0.9369045	-0.017864761981	0.408035243997	0	0	0
6.599934	0.9365615	-0.0032871162045	0.412203730145	0	0	0
6.633267	0.936733	0.0101471848052	0.394100590306	0	0	0
6.6666	0.9372475	0.0230098134315	0.368255976194	0	0	0
6.699933	0.9382765	0.0351578515785	0.326332915515	0	0	0
6.733266	0.9396485	0.0453050363837	0.267140412226	0	0	0
6.766599	0.9413635	0.0531655316553	0.197109844955	0	0	0
6.799932	0.94325	0.0585964192975	0.116241213702	0	0	0
6.833265	0.945308	0.061883535502	0.00595498021013	0	0	0
6.866598	0.9475375	0.0597397640643	-0.1246972856	0	0	0
6.899931	0.949424	0.0528796954636	-0.234149821862	0	0	0
6.933264	0.951139	0.0430183468501	-0.307396078446	0	0	0
6.966597	0.9523395	0.0312990629906	-0.34491245377	0	0	0
6.99993	0.953197	0.0198656153228	-0.372662661549	0	0	0
7.033263	0.9537115	0.00686006860069	-0.405057753892	0	0	0
7.066596	0.9537115	-0.00771757717577	-0.415657618666	0	0	0
7.099929	0.953197	-0.0221523048564	-0.385287219595	0	0	0
7.133262	0.952168	-0.0344432610993	-0.321211632534	0	0	0
7.166595	0.950796	-0.0434471011377	-0.253563057347	0	0	0
7.199928	0.9492525	-0.0510217602176	-0.18960656989	0	0	0
7.233261	0.947366	-0.0570243202432	-0.097661675446	0	0	0
7.266594	0.945308	-0.05816766501	0.0136964544833	0	0	0
7.299927	0.9434215	-0.056309729764	0.126721978871	0	0	0
7.33326	0.9413635	-0.048735070684	0.208067008542	0	0	0
7.366593	0.940163	-0.040302903029	0.231410530965	0	0	0
7.399926	0.938791	-0.0340145068117	0.26952240431	0	0	0
7.433259	0.937762	-0.0238673220066	0.342173162873	0	0	0
7.466592	0.937076	-0.010290102901	0.389813004554	0	0	0
7.499925	0.937076	0.00385878858788	0.388383809304	0	0	0
7.533258	0.937419	0.0158639086391	0.370637968278	0	0	0
7.566591	0.938105	0.0282977829778	0.35086743398	0	0	0
7.599924	0.9393055	0.0401599849332	0.300845600215	0	0	0
7.633257	0.940849	0.0495925792591	0.213426490731	0	0	0
7.66659	0.9427355	0.0548805488055	0.109571635866	0	0	0
7.699923	0.944622	0.0561668116681	0.0245345184657	0	0	0
7.733256	0.9465085	0.0558809754764	-0.0434713555339	0	0	0
7.766589	0.948395	0.053451367847	-0.117313110139	0	0	0
7.799922	0.95011	0.0490209068757	-0.216284881232	0	0	0
7.833255	0.951825	0.0394453944539	-0.324189122639	0	0	0
7.866588	0.952854	0.0260110934443	-0.391480399013	0	0	0
7.899921	0.95354	0.0122909562429	-0.421612598876	0	0	0
7.933254	0.9537115	-0.00257252572526	-0.426972081066	0	0	0
7.966587	0.9533685	-0.0171501715017	-0.398269076453	0	0	0
7.99992	0.952511	-0.0298698820322	-0.344436055353	0	0	0
8.033253	0.9513105	-0.040302903029	-0.280241368688	0	0	0
8.066586	0.949767	-0.0484492344923	-0.214855685981	0	0	0
8.099919	0.948052	-0.0550234669013	-0.137083644437	0	0	0
8.133252	0.945994	-0.0580247469141	-0.0453769492011	0	0	0
8.166585	0.9441075	-0.0580247469141	0.048235339702	0	0	0
8.199918	0.9420495	-0.0550234669013	0.149112704461	0	0	0
8.233251	0.9403345	-0.0480204802048	0.245464284261	0	0	0
8.266584	0.938791	-0.0385878858789	0.330144102849	0	0	0
8.299917	0.9375905	-0.0244389943899	0.366231282922	0	0	0
8.33325	0.9372475	-0.012148038147	0.345984350208	0	0	0
8.366583	0.9369045	-0.0027154438211	0.353249426064	0	0	0
8.399916	0.9369045	0.0105759390927	0.376116550071	0	0	0
8.433249	0.9375905	0.0241531581982	0.35170113121	0	0	0
8.466582	0.9386195	0.0350149334827	0.29643891486	0	0	0
8.499915	0.9399915	0.0435900192335	0.240462100885	0	0	0
8.533248	0.941535	0.0510217602176	0.178887605512	0	0	0
8.566581	0.9434215	0.0567384840515	0.0830124241291	0	0	0
8.599914	0.9454795	0.0573101564349	-0.0335860883851	0	0	0
8.633247	0.947366	0.0535942859429	-0.12612648085	0	0	0
8.66658	0.949081	0.0480204802048	-0.189249271078	0	0	0
8.699913	0.9506245	0.0405887392207	-0.236531813946	0	0	0
8.733246	0.951825	0.0317278172782	-0.272380794811	0	0	0
8.766579	0.9526825	0.023438567719	-0.334788987413	0	0	0
8.799912	0.95354	0.0105759390927	-0.421612598876	0	0	0
8.833245	0.95354	-0.00657423240899	-0.450553802698	0	0	0
8.866578	0.9530255	-0.0218664686647	-0.405295953101	0	0	0
8.899911	0.9519965	-0.0344432610993	-0.325141919473	0	0	0
8.933244	0.9506245	-0.0433041830418	-0.244273288219	0	0	0
8.966577	0.949081	-0.0504500878342	-0.170312434009	0	0	0
8.99991	0.9471945	-0.0550234669013	-0.0883719063182	0	0	0
9.033243	0.945308	-0.0561668116681	-0.0097661675446	0	0	0
9.066576	0.9434215	-0.0555951392847	0.0699114676668	0	0	0
9.099909	0.941535	-0.0521651049844	0.166382147071	0	0	0
9.133242	0.93982	-0.0447333640003	0.26809320906	0	0	0
9.166575	0.938448	-0.0334428344283	0.344793354166	0	0	0
9.199908	0.9375905	-0.0212947962813	0.398626375265	0	0	0
9.233241	0.9369045	-0.00585964192975	0.41518122025	0	0	0
9.266574	0.9372475	0.00828924955916	0.375759251259	0	0	0
9.299907	0.9375905	0.0188651886519	0.337766477518	0	0	0
9.33324	0.938448	0.0302986363197	0.307634277655	0	0	0
9.366573	0.9396485	0.0401599849332	0.255825949827	0	0	0
9.399906	0.941192	0.047877562109	0.186033581764	0	0	0
9.433239	0.942907	0.0528796954636	0.103140257239	0	0	0
9.466572	0.9447935	0.0550234669013	0.0114335620034	0	0	0
9.499905	0.94668	0.053451367847	-0.0762237466895	0	0	0
9.533238	0.948395	0.0498784154508	-0.160427166861	0	0	0
9.566571	0.95011	0.0427325106584	-0.240104802072	0	0	0
9.599904	0.9513105	0.0331569982366	-0.296558014464	0	0	0
9.633237	0.9523395	0.0224381410481	-0.332049696516	0	0	0
9.66657	0.952854	0.0104330209969	-0.346341649021	0	0	0
9.699903	0.9530255	-0.00142918095848	-0.339433871977	0	0	0
9.733236	0.9526825	-0.0115763657637	-0.345507951791	0	0	0
9.766569	0.9523395	-0.0238673220066	-0.360871800733	0	0	0
9.799902	0.951139	-0.0371587049204	-0.329191306015	0	0	0
9.833235	0.949767	-0.0474488078214	-0.24570248347	0	0	0
9.866568	0.9478805	-0.0543088764221	-0.134225253936	0	0	0
9.899901	0.945994	-0.0560238935723	-0.029417602238	0	0	0
9.933234	0.9441075	-0.0555951392847	0.0559768139751	0	0	0
9.966567	0.942221	-0.0524509411761	0.141013931376	0	0	0
9.9999	0.940506	-0.0458767087671	0.214736586377	0	0	0
10.033233	0.939134	-0.0377303773038	0.275715583729	0	0	0
10.066566	0.9379335	-0.0274402744027	0.331335098891	0	0	0
10.099899	0.9372475	-0.0152922362557	0.375997450467	0	0	0
10.133232	0.9369045	-0.00214377143771	0.409345339644	0	0	0
10.166565	0.937076	0.0120051200512	0.428401276316	0	0	0
10.199898	0.9375905	0.0284407010737	0.384096223553	0	0	0
10.233231	0.939134	0.0401599849332	0.268212308664	0	0	0
10.266564	0.940506	0.045019200192	0.178649406304	0	0	0
10.299897	0.9420495	0.0507359240259	0.122196193912	0	0	0
10.33323	0.943936	0.0543088764221	0.0426376583045	0	0	0
10.366563	0.9458225	0.0535942859429	-0.0370399769069	0	0	0
10.399896	0.9475375	0.0511646783134	-0.103497556052	0	0	0
10.433229	0.9492525	0.0471629716297	-0.180197701158	0	0	0
10.466562	0.950796	0.0395883125498	-0.264877519746	0	0	0
10.499895	0.9519965	0.0285836191695	-0.323712724222	0	0	0
10.533228	0.9526825	0.0172930895976	-0.356941513795	0	0	0
10.566561	0.953197	0.00457337906712	-0.3740918568	0	0	0
10.599894	0.9530255	-0.00886092194255	-0.354321322502	0	0	0
10.633227	0.952511	-0.019722697227	-0.315494851532	0	0	0
10.66656	0.9516535	-0.0290123734571	-0.294771520401	0	0	0
10.699893	0.9506245	-0.0390166401664	-0.277263878583	0	0	0
10.733226	0.949081	-0.0491638249716	-0.211520897063	0	0	0
10.766559	0.9471945	-0.0545947126138	-0.102068360801	0	0	0
10.799892	0.945308	-0.0555951392847	0.00262019129245	0	0	0
10.833225	0.9434215	-0.0535942859429	0.0859899142341	0	0	0
10.866558	0.9417065	-0.0498784154508	0.165191151029	0	0	0
10.899891	0.9399915	-0.0427325106584	0.245345184657	0	0	0
10.933224	0.938791	-0.0330140801408	0.309539871322	0	0	0
10.966557	0.937762	-0.0218664686647	0.361467298754	0	0	0
10.99989	0.9372475	-0.00814633146331	0.385525418803	0	0	0
11.033223	0.9372475	0.00485921525882	0.376831147696	0	0	0
11.066556	0.9375905	0.0172930895976	0.355750517753	0	0	0
11.099889	0.938448	0.0284407010737	0.331335098891	0	0	0
11.133222	0.939477	0.0393024763581	0.299416404965	0	0	0
11.166555	0.9410205	0.0504500878342	0.208543406958	0	0	0
11.199888	0.9430785	0.0545947126138	0.0780102407526	0	0	0
11.233221	0.9447935	0.0541659583262	-0.0169121437967	0	0	0
11.266554	0.94668	0.0527367773678	-0.0899202011728	0	0	0
11.299887	0.948395	0.0483063163965	-0.16126086409	0	0	0
11.33322	0.9499385	0.042160838275	-0.234268921466	0	0	0
11.366553	0.9513105	0.0325853258533	-0.301321998632	0	0	0
11.399886	0.952168	0.0210089600896	-0.33669458108	0	0	0
11.433219	0.9526825	0.00971843051764	-0.355631418148	0	0	0
11.466552	0.952854	-0.0027154438211	-0.366945880548	0	0	0
11.499885	0.952511	-0.0152922362557	-0.357298812607	0	0	0
11.533218	0.951825	-0.0274402744027	-0.315733050741	0	0	0
11.566551	0.9506245	-0.0373016230162	-0.242844092969	0	0	0
11.599884	0.9492525	-0.0441616916169	-0.155901381901	0	0	0
11.633217	0.9475375	-0.0467342173422	-0.0939695877157	0	0	0
11.66655	0.9461655	-0.0493067430674	-0.0602643997264	0	0	0
11.699883	0.944279	-0.0518792687927	0.00273929089665	0	0	0
11.733216	0.942564	-0.0501642516425	0.0955178825703	0	0	0
11.766549	0.940849	-0.0453050363837	0.187820075827	0	0	0
11.799882	0.939477	-0.0374445411121	0.272738093623	0	0	0
11.833215	0.9382765	-0.0268686020194	0.342411362082	0	0	0
11.866548	0.9375905	-0.0134343010097	0.373853657591	0	0	0
11.899881	0.937419	-0.000714590479238	0.366826780943	0	0	0
11.933214	0.9375905	0.0108617752844	0.355869617357	0	0	0
11.966547	0.938105	0.0230098134315	0.338838373956	0	0	0
11.99988	0.939134	0.0344432610993	0.295009719609	0	0	0
12.033213	0.940506	0.0430183468501	0.237841909592	0	0	0
12.066546	0.9420495	0.049735497355	0.184247087701	0	0	0
12.099879	0.9437645	0.0565955659557	0.0907538984022	0	0	0
12.133212	0.945994	0.0578818288183	-0.0559768139751	0	0	0
12.166545	0.9478805	0.051593432601	-0.169121437967	0	0	0
12.199878	0.949424	0.0443046097128	-0.219143271732	0	0	0
12.233211	0.950796	0.0371587049204	-0.264401121329	0	0	0
12.266544	0.9519965	0.0272973563069	-0.319782437283	0	0	0
12.299877	0.9526825	0.0152922362557	-0.359323505879	0	0	0
12.33321	0.9530255	0.00257252572526	-0.373734557987	0	0	0
12.366543	0.952854	-0.0101471848052	-0.367064980152	0	0	0
12.399876	0.9523395	-0.0224381410481	-0.340029369998	0	0	0
12.433209	0.9513105	-0.0331569982366	-0.297153512485	0	0	0
12.466542	0.95011	-0.0427325106584	-0.234626220279	0	0	0
12.499875	0.948395	-0.049735497355	-0.141847628605	0	0	0
12.533208	0.94668	-0.0525938592719	-0.0373972757195	0	0	0
12.566541	0.9447935	-0.0520221868885	0.0574060092255	0	0	0
12.599874	0.9430785	-0.0473058897256	0.110048034283	0	0	0
12.633207	0.9417065	-0.0437329373294	0.136488146416	0	0	0
12.66654	0.940163	-0.0394453944539	0.193775056037	0	0	0
12.699873	0.9389625	-0.0317278172782	0.27404818927	0	0	0
12.733206	0.9379335	-0.0204372877062	0.335622684642	0	0	0
12.766539	0.9375905	-0.00814633146331	0.360990900337	0	0	0
12.799872	0.937419	0.00371587049204	0.373377259175	0	0	0
12.833205	0.937762	0.0172930895976	0.362420095588	0	0	0
12.866538	0.9386195	0.0292982096488	0.308825273697	0	0	0
12.899871	0.93982	0.0381591315913	0.24117669851	0	0	0
12.933204	0.941192	0.0453050363837	0.171503430051	0	0	0
12.966537	0.942907	0.0498784154508	0.0967088786123	0	0	0
12.99987	0.944622	0.0513075964093	0.0323950923431	0	0	0
13.033203	0.946337	0.051593432601	-0.0254873152993	0	0	0
13.066536	0.948052	0.0510217602176	-0.12100519787	0	0	0
13.099869	0.9499385	0.0444475278086	-0.239866602864	0	0	0
13.133202	0.951139	0.0335857525242	-0.318472341637	0	0	0
13.166535	0.952168	0.0221523048564	-0.360395402316	0	0	0
13.199868	0.9526825	0.00871800384671	-0.370399769069	0	0	0
13.233201	0.9526825	-0.0030012800128	-0.361109999942	0	0	0
13.266534	0.952511	-0.0152922362557	-0.348128143084	0	0	0
13.299867	0.9516535	-0.0270115201152	-0.310373568551	0	0	0
13.3332	0.9506245	-0.0361582782494	-0.263210125287	0	0	0
13.366533	0.9492525	-0.0448762820962	-0.202231127936	0	0	0
13.399866	0.9475375	-0.0503071697384	-0.12017150064	0	0	0
13.433199	0.9458225	-0.0530226135595	-0.0289412038212	0	0	0
13.466532	0.943936	-0.0525938592719	0.0734844557929	0	0	0
13.499865	0.942221	-0.0485921525882	0.180793199179	0	0	0
13.533198	0.940506	-0.0391595582622	0.246417081095	0	0	0
13.566531	0.9396485	-0.030012800128	0.252729360117	0	0	0
13.599864	0.9386195	-0.0232956496232	0.277859376604	0	0	0
13.633197	0.9379335	-0.0124338743387	0.324427321847	0	0	0
13.66653	0.937762	-0.00057167238339	0.344197856145	0	0	0
13.699863	0.9379335	0.0108617752844	0.348961840313	0	0	0
13.733196	0.938448	0.0230098134315	0.335027186621	0	0	0
13.766529	0.939477	0.0344432610993	0.281908763147	0	0	0
13.799862	0.940849	0.0425895925626	0.20235022754	0	0	0
13.833195	0.9423925	0.047877562109	0.120052401036	0	0	0
13.866528	0.9441075	0.0504500878342	0.0419230606792	0	0	0
13.899861	0.9458225	0.0504500878342	-0.0263210125287	0	0	0
13.933194	0.9475375	0.0483063163965	-0.0840843205669	0	0	0
13.966527	0.949081	0.0444475278086	-0.137083644437	0	0	0
13.99986	0.950453	0.0405887392207	-0.227242044818	0	0	0
14.033193	0.9519965	0.0305844725114	-0.345746151	0	0	0
14.066526	0.9526825	0.015006400064	-0.394100590306	0	0	0
14.099859	0.952854	0.00242960762941	-0.383619825136	0	0	0
14.133192	0.952854	-0.010290102901	-0.36730317936	0	0	0
14.166525	0.952168	-0.0224381410481	-0.335027186621	0	0	0
14.199858	0.9513105	-0.0330140801408	-0.289769337024	0	0	0
14.233191	0.9499385	-0.0423037563709	-0.225336451151	0	0	0
14.266524	0.948395	-0.0483063163965	-0.149946401691	0	0	0
14.299857	0.94668	-0.0524509411761	-0.0690777704374	0	0	0
14.33319	0.9447935	-0.0530226135595	0.0153638489421	0	0	0
14.366523	0.9430785	-0.0510217602176	0.0908729980064	0	0	0
14.399856	0.9413635	-0.0473058897256	0.176862912241	0	0	0
14.433189	0.93982	-0.0397312306456	0.272618994019	0	0	0
14.466522	0.9386195	-0.0288694553612	0.352296629231	0	0	0
14.499855	0.937762	-0.0142918095848	0.372543561945	0	0	0
14.533188	0.937762	-0.00200085334187	0.333717090975	0	0	0
14.566521	0.937762	0.00686006860069	0.315494851532	0	0	0
14.599854	0.938105	0.0181505981726	0.315494851532	0	0	0
14.633187	0.9389625	0.0292982096488	0.279645870667	0	0	0
14.66652	0.940163	0.0375874592079	0.220334267774	0	0	0
14.699853	0.941535	0.0435900192335	0.164357453799	0	0	0
14.733186	0.9430785	0.0484492344923	0.106713245365	0	0	0
14.766519	0.9447935	0.0517363506968	0.0214379287564	0	0	0
14.799852	0.94668	0.0503071697384	-0.0763428462937	0	0	0
14.833185	0.9482235	0.0458767087671	-0.153876688629	0	0	0
14.866518	0.949767	0.0397312306456	-0.21652308044	0	0	0
14.899851	0.9509675	0.0308703087031	-0.259398937953	0	0	0
14.933184	0.951825	0.021580632473	-0.281908763147	0	0	0
14.966517	0.9523395	0.013148464818	-0.329072206411	0	0	0
14.99985	0.952854	0.000571672383391	-0.392194996638	0	0	0
15.033183	0.952511	-0.0154351543515	-0.386835514449	0	0	0
15.066516	0.9516535	-0.027154438211	-0.322164429367	0	0	0
15.099849	0.9506245	-0.0363011963453	-0.260589933995	0	0	0
15.133182	0.9492525	-0.0447333640003	-0.189725669494	0	0	0
15.166515	0.9475375	-0.049735497355	-0.100162767134	0	0	0
15.199848	0.9458225	-0.0510217602176	-0.0195323350892	0	0	0
15.233181	0.9441075	-0.0505930059301	0.050021833765	0	0	0
15.266514	0.9423925	-0.047877562109	0.123982687975	0	0	0
15.299847	0.940849	-0.0425895925626	0.204851319228	0	0	0
15.33318	0.939477	-0.0344432610993	0.290126635837	0	0	0
15.366513	0.938448	-0.0227239772398	0.356226916169	0	0	0
15.399846	0.9379335	-0.00971843051764	0.386478215637	0	0	0
15.433179	0.937762	0.00428754287543	0.373019960362	0	0	0
15.466512	0.9382765	0.0164355810225	0.318710540846	0	0	0
15.499845	0.9389625	0.0254394210609	0.262495527662	0	0	0
15.533178	0.9399915	0.0332999163325	0.220810666191	0	0	0
15.566511	0.941192	0.040302903029	0.176386513824	0	0	0
15.599844	0.9427355	0.0454479544795	0.120290600244	0	0	0
15.633177	0.944279	0.0484492344923	0.0556195151625	0	0	0
15.66651	0.945994	0.049735497355	-0.0270356101539	0	0	0
15.699843	0.947709	0.0471629716297	-0.122315293516	0	0	0
15.733176	0.9492525	0.0408745754124	-0.198181741393	0	0	0
15.766509	0.950453	0.0331569982366	-0.249632770408	0	0	0
15.799842	0.951482	0.0242960762941	-0.293461424755	0	0	0
15.833175	0.952168	0.0130055467221	-0.316209449157	0	0	0
15.866508	0.9523395	0.00185793524602	-0.304894986758	0	0	0
15.899841	0.952168	-0.00657423240899	-0.310135369343	0	0	0
15.933174	0.9519965	-0.0174360076934	-0.342887760499	0	0	0
15.966507	0.951139	-0.0312990629906	-0.322283528972	0	0	0
15.99984	0.949767	-0.0413033297	-0.233911622654	0	0	0
16.033173	0.9482235	-0.0464483811505	-0.146254313961	0	0	0
16.066506	0.94668	-0.0504500878342	-0.0709833641047	0	0	0
16.099839	0.9447935	-0.0518792687927	0.018817737464	0	0	0
16.133172	0.9430785	-0.0488779887799	0.10004366753	0	0	0
16.166505	0.941535	-0.0448762820962	0.171860728864	0	0	0
16.199838	0.9399915	-0.0375874592079	0.243677790198	0	0	0
16.233171	0.9389625	-0.0280119467861	0.295128819214	0	0	0
16.266504	0.938105	-0.0174360076934	0.330620501266	0	0	0
16.299837	0.937762	-0.00557380573806	0.353011226856	0	0	0
16.33317	0.937762	0.0060025600256	0.372305362737	0	0	0
16.366503	0.938105	0.0191510248436	0.381952430677	0	0	0
16.399836	0.9389625	0.0335857525242	0.326452015119	0	0	0
16.433169	0.940506	0.043161264946	0.206995112104	0	0	0
16.466502	0.9420495	0.0464483811505	0.106475046157	0	0	0
16.499835	0.943593	0.048735070684	0.0457342480137	0	0	0
16.533168	0.945308	0.0498784154508	-0.0184604386514	0	0	0
16.566501	0.947023	0.047877562109	-0.0895629023602	0	0	0
16.599834	0.9485665	0.0434471011377	-0.150303700503	0	0	0
16.633167	0.9499385	0.0377303773038	-0.207471510521	0	0	0
16.6665	0.951139	0.0298698820322	-0.268807806685	0	0	0
16.699833	0.9519965	0.019722697227	-0.324308222243	0	0	0
16.733166	0.952511	0.00757465907992	-0.355631418148	0	0	0
16.766499	0.952511	-0.00500213335467	-0.349914637147	0	0	0
16.799832	0.952168	-0.01686433531	-0.307753377259	0	0	0
16.833165	0.9513105	-0.026296929636	-0.244273288219	0	0	0
16.866498	0.9502815	-0.0320136534699	-0.208781606167	0	0	0
16.899831	0.9492525	-0.0391595582623	-0.197943542184	0	0	0
16.933164	0.947709	-0.0467342173422	-0.14565881594	0	0	0
16.966497	0.945994	-0.0501642516425	-0.0537139214953	0	0	0
16.99983	0.944279	-0.0503071697384	0.0451387499927	0	0	0
17.033163	0.942564	-0.0471629716297	0.142443126626	0	0	0
17.066496	0.9410205	-0.040302903029	0.220453367379	0	0	0
17.099829	0.93982	-0.0312990629906	0.263924722913	0	0	0
17.133162	0.9389625	-0.0224381410481	0.29560521763	0	0	0
17.166495	0.9382765	-0.0120051200512	0.333121592954	0	0	0
17.199828	0.938105	0.000142918095848	0.356465115378	0	0	0
17.233161	0.9382765	0.0125767924346	0.354083123294	0	0	0
17.266494	0.9389625	0.0245819124858	0.322402628576	0	0	0
17.299827	0.9399915	0.0341574249076	0.277621177396	0	0	0
17.33316	0.941192	0.0440187735211	0.202231127936	0	0	0
17.366493	0.9430785	0.0490209068757	0.0896820019644	0	0	0
17.399826	0.944622	0.0490209068757	0.00107189643783	0	0	0
17.433159	0.946337	0.0481633983007	-0.0628845910189	0	0	0
17.466492	0.9478805	0.0451621182879	-0.130056767789	0	0	0
17.499825	0.949424	0.0397312306456	-0.200206434664	0	0	0
17.533158	0.9506245	0.0311561448948	-0.252729360117	0	0	0
17.566491	0.951482	0.0224381410481	-0.290603034254	0	0	0
17.599824	0.952168	0.0120051200512	-0.328000309973	0	0	0
17.633157	0.9523395	0	-0.344316955749	0	0	0
17.66649	0.952168	-0.0120051200512	-0.32847670839	0	0	0
17.699823	0.951482	-0.0224381410481	-0.292270428713	0	0	0
17.733156	0.9506245	-0.0312990629906	-0.25165746368	0	0	0
17.766489	0.949424	-0.0398741487415	-0.189249271078	0	0	0
17.799822	0.9478805	-0.0454479544795	-0.0901584003812	0	0	0
17.833155	0.9461655	-0.0447333640003	-0.020604231527	0	0	0
17.866488	0.944965	-0.0448762820962	0.00107189643782	0	0	0
17.899821	0.94325	-0.0461625449588	0.0597880013096	0	0	0
17.933154	0.9417065	-0.0423037563709	0.155186784276	0	0	0
17.966487	0.9403345	-0.0351578515785	0.235459917508	0	0	0
17.99982	0.9393055	-0.0255823391567	0.28452895444	0	0	0
18.033153	0.9386195	-0.0154351543515	0.307038779634	0	0	0
18.066486	0.9382765	-0.00500213335467	0.322045329763	0	0	0
18.099819	0.9382765	0.00585964192975	0.335860883851	0	0	0
18.133152	0.9386195	0.017864761981	0.33073960087	0	0	0
18.166485	0.939477	0.0292982096488	0.283576157606	0	0	0
18.199818	0.9406775	0.0374445411121	0.215332084398	0	0	0
18.233151	0.9420495	0.043161264946	0.156139581109	0	0	0
18.266484	0.943593	0.0471629716297	0.108976137845	0	0	0
18.299817	0.9451365	0.051593432601	0.0284648054044	0	0	0
18.33315	0.9471945	0.0508788421218	-0.098852671488	0	0	0
18.366483	0.948738	0.0438758554252	-0.196752546142	0	0	0
18.399816	0.95011	0.0360153601536	-0.245464284261	0	0	0
18.433149	0.951139	0.0274402744027	-0.282385161564	0	0	0
18.466482	0.9519965	0.0172930895976	-0.314899353511	0	0	0
18.499815	0.9523395	0.00571672383391	-0.325737417494	0	0	0
18.533148	0.9523395	-0.00500213335467	-0.31799594322	0	0	0
18.566481	0.9519965	-0.0154351543515	-0.306562381217	0	0	0
18.599814	0.9513105	-0.0255823391567	-0.286553647711	0	0	0
18.633147	0.9502815	-0.0351578515785	-0.244987885844	0	0	0
18.66648	0.9489095	-0.0427325106584	-0.173647222927	0	0	0
18.699813	0.947366	-0.0474488078214	-0.0783675395652	0	0	0
18.733146	0.945651	-0.0485921525882	0.0301321998632	0	0	0
18.766479	0.943936	-0.0441616916169	0.100400966343	0	0	0
18.799812	0.9427355	-0.0398741487415	0.116122114097	0	0	0
18.833145	0.9413635	-0.0371587049204	0.149112704461	0	0	0
18.866478	0.940163	-0.0315848991823	0.224860052734	0	0	0
18.899811	0.939134	-0.0221523048564	0.301083799424	0	0	0
18.933144	0.9386195	-0.010290102901	0.340863067227	0	0	0
18.966477	0.938448	0.00185793524602	0.338123776331	0	0	0
18.99981	0.938791	0.0127197105304	0.313589257865	0	0	0
19.033143	0.9393055	0.0228668953356	0.279764970271	0	0	0
19.066476	0.9403345	0.0320136534699	0.226646546797	0	0	0
19.099809	0.941535	0.0381591315913	0.1672158443	0	0	0
19.133142	0.942907	0.0428754287543	0.115526616076	0	0	0
19.166475	0.9444505	0.0457337906712	0.0657429815197	0	0	0
19.199808	0.945994	0.0470200535339	0.0146492513169	0	0	0
19.233141	0.9475375	0.0483063163965	-0.0822978265039	0	0	0
19.266474	0.949424	0.043161264946	-0.219262371337	0	0	0
19.299807	0.9506245	0.0317278172782	-0.301441098236	0	0	0
19.33314	0.951482	0.0208660419938	-0.317638644408	0	0	0
19.366473	0.9519965	0.010290102901	-0.315375751928	0	0	0
19.399806	0.952168	0	-0.313112859448	0	0	0
19.433139	0.9519965	-0.0104330209969	-0.313351058657	0	0	0
19.466472	0.951482	-0.0210089600896	-0.304894986758	0	0	0
19.499805	0.9506245	-0.031870735374	-0.262495527662	0	0	0
19.533138	0.9492525	-0.0395883125498	-0.186986378598	0	0	0
19.566471	0.9478805	-0.0438758554252	-0.117194010535	0	0	0
19.599804	0.946337	-0.0474488078214	-0.0421612598876	0	0	0
19.633137	0.944622	-0.0474488078214	0.0513319294112	0	0	0
19.66647	0.9430785	-0.0441616916169	0.143276823855	0	0	0
19.699803	0.941535	-0.036587032537	0.197228944559	0	0	0
19.733136	0.9406775	-0.0294411277446	0.207709709729	0	0	0
19.766469	0.9396485	-0.0237244039107	0.239271104843	0	0	0
19.799802	0.9389625	-0.0144347276806	0.292270428713	0	0	0
19.833135	0.9386195	-0.00314419810865	0.316018889791	0	0	0
19.866468	0.938791	0.00757465907993	0.308551344607	0	0	0
19.899801	0.939134	0.017864761981	0.280134179044	0	0	0
19.933134	0.9399915	0.0269257692577	0.233566233801	0	0	0
19.966467	0.9410205	0.0333713753804	0.188403663888	0	0	0
19.9998	0.9423925	0.0380162134955	0.15871213256	0	0	0
