0.033333	0.879109	-0.0651706517065	0.0640755870609	0.0872664625997	2.73437650522	2.83136852477
0.066666	0.8768795	-0.0630268802688	0.056512762194	0.174532925199	2.85073295225	2.13201080268
0.099999	0.8748215	-0.0604543545435	0.0326571114723	0.279252680319	2.88854879754	1.36720192463
0.133332	0.872935	-0.0601685183518	-0.00524038258491	0.366519142919	2.92345573165	0.904195599091
0.166665	0.870877	-0.0615976993103	-0.020604231527	0.471238898038	3.01072306692	-1.20963432693
0.199998	0.868819	-0.062883962173	0.00131009564621	0.575958653158	2.86527750813	-3.87373878645
0.233331	0.8665895	-0.0615976993103	0.0265592117371	0.663225115758	2.67619828171	-4.65430442427
0.266664	0.864703	-0.0598826821602	0.0161975461715	0.750491578358	2.55984183468	-5.41790124388
0.299997	0.862645	-0.0597397640643	-0.0176267414219	0.837758040957	2.34167349649	-6.67844202546
0.33333	0.8607585	-0.0608831088311	-0.0520465270365	0.907571211037	2.09441604655	-7.44203884506
0.366663	0.8587005	-0.0648848155148	-0.0360871800733	0.977384381117	1.83261404073	-7.8662593004
0.399996	0.8562995	-0.0651706517065	0.0353725824481	1.02974425868	1.57081203492	-8.33896209349
0.433329	0.8542415	-0.061883535502	0.0943268865283	1.08210413624	1.29446547322	-9.34497060186
0.466662	0.8521835	-0.05816766501	0.133272457102	1.11701072128	0.974485243883	-10.8358024878
0.499995	0.850297	-0.0524509411761	0.156973278339	1.15191730632	0.538148567517	-11.2115406053
0.533328	0.8487535	-0.0480204802048	0.192226761183	1.15191730632	0.13090100291	-9.00559423759
0.566661	0.8470385	-0.0413033297	0.271070699165	1.15191730632	-0.0436336676365	-7.17538598742
0.599994	0.845838	-0.0298698820322	0.34348325852	1.15191730632	-0.276346561698	-7.21174774074
0.633327	0.8449805	-0.0164355810225	0.361586398358	1.1344640138	-0.523604011638	-7.51476235169
0.66666	0.844809	-0.00428754287543	0.336575481476	1.11701072128	-0.785406017458	-7.69657111827
0.699993	0.844809	0.00471629716297	0.342173162873	1.08210413624	-1.04720802328	-7.41779767619
0.733326	0.8449805	0.0175789257893	0.3740918568	1.0471975512	-1.29446547322	-6.67844202546
0.766659	0.8460095	0.0298698820322	0.400889267745	0.994837673637	-1.5126338114	-5.41790124388
0.799992	0.846867	0.045019200192	0.408273443206	0.942477796077	-1.62899025843	-4.67854559315
0.833325	0.8490965	0.05816766501	0.382667028302	0.890117918517	-1.81806948486	-4.04827520236
0.866658	0.8508115	0.0694581945819	0.375401952446	0.820304748437	-1.96351504364	-2.08474052337
0.899991	0.8535555	0.0843216765501	0.336218182663	0.750491578358	-1.90533682013	-1.55143480809
0.933324	0.8566425	0.0934684346843	0.259518037557	0.698131700798	-1.96351504364	-3.44224598045
0.966657	0.859901	0.0996139128058	0.231172331757	0.628318530718	-2.22531704946	-3.04226669399
0.99999	0.8631595	0.108046080461	0.221525263816	0.541052068118	-2.2689507171	-0.0606029221911
1.033323	0.867104	0.116192411924	0.164000154987	0.471238898038	-2.15259427007	1.01812909281
1.066656	0.8710485	0.120051200512	0.0708642645004	0.401425727959	-2.12350515831	2.36849947086E-14
1.099989	0.8751645	0.121194545279	-0.0337051879893	0.331612557879	-2.15259427007	-1.01812909281
1.133322	0.8792805	0.117478674787	-0.12922307056	0.261799387799	-2.2689507171	0.0606029221911
1.166655	0.8830535	0.111333196665	-0.192226761183	0.174532925199	-2.22531704946	3.04226669399
1.199988	0.886655	0.10533063664	-0.268212308664	0.10471975512	-1.96351504364	3.45436656489
1.233321	0.8902565	0.0940401070677	-0.352892127252	0.0523598775598	-1.90533682013	1.62415831472
1.266654	0.8930005	0.0801770517705	-0.388502908908	-0.0174532925199	-1.96351504364	2.4119963032
1.299987	0.895573	0.0668856688567	-0.384215323157	-0.0872664625997	-1.80352492898	4.70278676203
1.33332	0.8974595	0.0537372040387	-0.35682241419	-0.13962634016	-1.58535659079	5.44214241276
1.366653	0.899003	0.0443046097128	-0.360633601525	-0.191986217719	-1.38173280849	4.67854559315
1.399986	0.9005465	0.0314419810865	-0.407916144393	-0.226892802759	-1.29446547322	4.38765156663
1.433319	0.9012325	0.0152922362557	-0.410179036873	-0.279252680319	-1.17810902619	6.278462739
1.466652	0.901404	0.00285836191695	-0.377545745322	-0.314159265359	-0.843584240973	7.38143592287
1.499985	0.901404	-0.00886092194255	-0.361109999942	-0.331612557879	-0.596326791033	6.25422157012
1.533318	0.9008895	-0.0217235505688	-0.329191306015	-0.349065850399	-0.465425788123	6.01180988135
1.566651	0.8998605	-0.031870735374	-0.272499894415	-0.366519142919	-0.24725744994	7.18750657186
1.599984	0.89866	-0.0391595582622	-0.231172331757	-0.366519142919	0.0145445558788	8.52077086007
1.633317	0.897288	-0.0465912992463	-0.205923215666	-0.366519142919	0.319980229335	9.68434696613
1.66665	0.895573	-0.0540230402304	-0.156377780318	-0.349065850399	0.712683238063	9.36921177074
1.699983	0.893515	-0.0568814021474	-0.113740122013	-0.314159265359	0.989029799761	7.90262105372
1.733316	0.8918	-0.060025600256	-0.111834528346	-0.279252680319	1.16356447031	8.26623858686
1.766649	0.8895705	-0.0643131431314	-0.110643532304	-0.244346095279	1.52717836728	8.96923248428
1.799982	0.8875125	-0.068457767911	-0.0815832288787	-0.174532925199	1.81806948486	8.24199741799
1.833315	0.88494	-0.0706015393487	-0.027631108175	-0.12217304764	2.07987149067	7.36931533843
1.866648	0.8827105	-0.0697440307736	0.0121481596286	-0.0349065850399	2.31258438474	6.30270390787
1.899981	0.8803095	-0.0690294402944	0.0284648054044	0.0349065850399	2.45802994352	6.19361864793
1.933314	0.87808	-0.0674573412401	0.0310849966968	0.12217304764	2.76346561698	5.03004254186
1.966647	0.8758505	-0.0668856688567	0.0314422955094	0.226892802759	2.85073295225	2.38775513433
1.99998	0.873621	-0.0660281602816	0.0472825428684	0.314159265359	2.87982206401	0.775717404046
2.033313	0.8713915	-0.063741470748	0.058239706455	0.418879020479	2.87982206401	-0.266652857641
2.066646	0.8693335	-0.0607401907352	0.0297749010506	0.506145483078	2.86527750813	-1.22417902826
2.099979	0.867447	-0.0607401907352	-0.0245345184657	0.610865238198	2.8216438405	-2.77561383635
2.133312	0.865389	-0.0635985526522	-0.0450196503885	0.698131700798	2.66165372583	-3.93918994242
2.166645	0.8631595	-0.0654564878982	-0.0158402473589	0.785398163397	2.55984183468	-5.16336897068
2.199978	0.86093	-0.0645989793231	0.0184604386514	0.872664625997	2.34167349649	-7.02993897416
2.233311	0.858872	-0.063741470748	0.0412084630541	0.942477796077	2.07987149067	-8.58137378226
2.266644	0.8566425	-0.0617406174062	0.060026200518	1.01229096616	1.77443581722	-10.1085674215
2.299977	0.854756	-0.0595968459685	0.078843937982	1.06465084372	1.36718825261	-10.5085467079
2.33331	0.852698	-0.0574530745307	0.123982687975	1.09955742876	1.04720802328	-10.0843262526
2.366643	0.8508115	-0.0521651049844	0.189963868703	1.1344640138	0.727227793942	-10.1934115125
2.399976	0.8490965	-0.0433041830418	0.221644363421	1.15191730632	0.334524785213	-9.46617644625
2.433309	0.8480675	-0.0371587049204	0.243915989407	1.15191730632	0.0581782235154	-7.91474163815
2.466642	0.846524	-0.0284407010737	0.292627727525	1.15191730632	-0.116356447031	-8.26623858686
2.499975	0.8460095	-0.0157209905432	0.288578340982	1.15191730632	-0.479970344002	-8.95711189984
2.533308	0.8456665	-0.00786049527162	0.249870969617	1.11701072128	-0.770861461579	-8.16927391136
2.566641	0.845495	-0.000285836191695	0.244035089011	1.09955742876	-1.0326634674	-7.0420595586
2.599974	0.8456665	0.00714590479238	0.269998802727	1.0471975512	-1.25083180558	-5.64819234821
2.633307	0.845838	0.0170072534059	0.330501401662	1.01229096616	-1.36718825261	-5.43002182832
2.66664	0.8466955	0.0311561448948	0.366826780943	0.959931088597	-1.58535659079	-5.76939819259
2.699973	0.8484105	0.0355866058661	0.536662816536	0.907571211037	-1.80352492898	-4.70278676203
2.733306	0.8480675	0.0650277336107	0.719957107403	0.837758040957	-1.96351504364	-2.09686110781
2.766639	0.8525265	0.0990422404224	0.494620656253	0.767944870878	-1.89079226425	-0.969646755057
2.799972	0.8559565	0.100185585189	0.193775056037	0.715584993318	-1.91988137601	-2.69076974528
2.833305	0.8590435	0.102758110914	0.112906424784	0.645771823238	-2.09441604655	-3.76950176028
2.866638	0.862645	0.106759817598	0.0834888225459	0.575958653158	-2.2689507171	-2.26654928995
2.899971	0.8662465	0.109475261419	0.0487117381188	0.488692190558	-2.28349527298	0.278773442079
2.933304	0.8700195	0.110046933803	0.0101234663572	0.418879020479	-2.16713882595	0.690873312978
2.966637	0.873621	0.109189425228	-0.00786057387735	0.349065850399	-2.16713882595	-0.690873312978
2.99997	0.8772225	0.109761097611	-0.0343006860103	0.279252680319	-2.28349527298	-0.266652857641
3.033303	0.8809955	0.108474834748	-0.103973954469	0.191986217719	-2.2689507171	2.35139338101
3.066636	0.884597	0.10290102901	-0.181626896409	0.12217304764	-2.09441604655	4.18160163118
3.099969	0.8878555	0.0961838785055	-0.255468651014	0.0523598775598	-1.90533682013	3.75738117585
3.133302	0.891114	0.0860366937003	-0.327285712348	0	-1.83261404073	2.81197558967
3.166635	0.8936865	0.0730311469781	-0.358966207066	-0.0698131700798	-1.77443581722	3.27255779832
3.199968	0.895916	0.0613118631186	-0.364206589651	-0.12217304764	-1.61444570255	3.93918994242
3.233301	0.8978025	0.0488779887799	-0.367898677381	-0.174532925199	-1.5126338114	4.66642500871
3.266634	0.8991745	0.036587032537	-0.368375075798	-0.226892802759	-1.3090100291	5.4542629972
3.299967	0.9002035	0.0248677486775	-0.383500725532	-0.261799387799	-1.10538624679	5.16336897068
3.3333	0.9008895	0.0115763657637	-0.40696334756	-0.296705972839	-0.989029799761	5.51486591939
3.366633	0.901061	-0.00371587049204	-0.385882717616	-0.331612557879	-0.770861461579	6.69056260989
3.399966	0.9005465	-0.0160068267349	-0.313589257865	-0.349065850399	-0.523604011638	7.42991826063
3.433299	0.8998605	-0.0244389943899	-0.247012579116	-0.366519142919	-0.261802005819	7.7692946249
3.466632	0.8988315	-0.0302986363197	-0.238675606822	-0.366519142919	0	7.84201813153
3.499965	0.897974	-0.0393024763581	-0.260232635182	-0.366519142919	0.261802005819	7.8662593004
3.533298	0.896259	-0.0494496611633	-0.236174515133	-0.349065850399	0.523604011638	7.93898280703
3.566631	0.894544	-0.0560238935723	-0.183532490076	-0.331612557879	0.785406017458	8.26623858686
3.599964	0.892486	-0.0611689450228	-0.140061134542	-0.296705972839	1.06175257916	8.92075014653
3.633297	0.890428	-0.064741897419	-0.112191827159	-0.261799387799	1.36718825261	9.68434696613
3.66663	0.8881985	-0.0687436041027	-0.0817023284828	-0.209439510239	1.75989126134	8.9449913154
3.699963	0.8857975	-0.0710302936363	-0.0271547097581	-0.13962634016	2.02169326716	6.65420085658
3.733296	0.8833965	-0.0708873755404	0.0345388852187	-0.0698131700798	2.15259427007	5.51486591939
3.766629	0.8809955	-0.0683148498152	0.0784866391694	0	2.35621805237	5.21185130843
3.799962	0.878766	-0.063741470748	0.0655047823113	0.0872664625997	2.5452972788	4.01191344905
3.833295	0.8768795	-0.0627410440771	0.0166739445883	0.174532925199	2.61802005819	3.06650786287
3.866628	0.87465	-0.063741470748	-0.00452578495968	0.261799387799	2.69074283759	3.40588422714
3.899961	0.872592	-0.0640273069397	0.00321568931348	0.349065850399	2.86527750813	3.01802552512
3.933294	0.8703625	-0.063741470748	0.0210806299438	0.453785605519	2.99617851104	-0.0727235066293
3.966627	0.8683045	-0.0621693716937	0.0260828133203	0.558505360638	2.86527750813	-3.36952247382
3.99996	0.8662465	-0.0615976993103	0.0201278331102	0.645771823238	2.67619828171	-4.15736046231
4.033293	0.8641885	-0.0605972726394	0.0108380639824	0.733038285838	2.57438639056	-4.33916922888
4.066626	0.862302	-0.0620264535979	0.0338242875935	0.820304748437	2.39985172001	-4.86035435972
4.099959	0.859901	-0.0591680916809	0.080034934024	0.890117918517	2.28349527298	-6.41178916782
4.133292	0.8583575	-0.0558809754764	0.10004366753	0.977384381117	2.02169326716	-9.29648826411
4.166625	0.856128	-0.051593432601	0.0901584003812	1.02974425868	1.61444570255	-10.8236819033
4.199958	0.8549275	-0.047877562109	0.0295367018422	1.08210413624	1.26537636146	-11.175178852
4.233291	0.8532125	-0.0511646783135	0.0108380639824	1.11701072128	0.843584240973	-10.5206672924
4.266624	0.851326	-0.0498784154508	0.0691968700416	1.1344640138	0.538148567517	-9.09043832866
4.299957	0.8497825	-0.0455908725754	0.119099604202	1.15191730632	0.261802005819	-8.29047975574
4.33329	0.8484105	-0.0428754287543	0.197109844955	1.15191730632	0	-7.93898280703
4.366623	0.8466955	-0.03372867062	0.300011902986	1.15191730632	-0.261802005819	-7.8662593004
4.399956	0.8460095	-0.0202943696104	0.334074389788	1.1344640138	-0.523604011638	-7.84201813153
4.433289	0.845495	-0.0101471848052	0.332526094933	1.11701072128	-0.785406017458	-7.7692946249
4.466622	0.8453235	0.000571672383391	0.361229099546	1.08210413624	-1.04720802328	-7.42991826063
4.499955	0.845495	0.0127197105304	0.415538519062	1.0471975512	-1.29446547322	-6.69056260989
4.533288	0.8460095	0.0290123734571	0.442455029612	0.994837673637	-1.5126338114	-5.50274533495
4.566621	0.8473815	0.0460196268629	0.370161569861	0.942477796077	-1.62899025843	-5.07852487961
4.599954	0.8494395	0.0538801221346	0.292389528317	0.890117918517	-1.83261404073	-5.03004254186
4.633287	0.850983	0.0611689450228	0.321330732138	0.820304748437	-2.02169326716	-3.50284890264
4.66662	0.8532125	0.0756036727034	0.344793354166	0.750491578358	-2.07987149067	-1.59991714584
4.699953	0.856128	0.0874658746587	0.285481751273	0.680678408278	-2.09441604655	-0.593908637473
4.733286	0.859215	0.094754697547	0.216999478857	0.610865238198	-2.09441604655	-0.509064546405
4.766619	0.8624735	0.100471421381	0.184247087701	0.541052068118	-2.10896060243	-1.078732015
4.799952	0.8659035	0.106188145215	0.175910115407	0.471238898038	-2.15259427007	-1.83020825017
4.833285	0.869505	0.112762377624	0.152685692587	0.401425727959	-2.28349527298	-1.09085259944
4.866618	0.8734495	0.117907429074	0.0928976912779	0.314159265359	-2.28349527298	1.18781727495
4.899951	0.8775655	0.118479101458	0.0343006860103	0.244346095279	-2.15259427007	2.25442870551
4.933284	0.8813385	0.118479101458	-0.0160784465673	0.174532925199	-2.09441604655	2.23018753663
4.966617	0.8851115	0.123624152908	-0.234626220279	0.10471975512	-2.03623782304	2.75137266747
4.99995	0.8902565	0.109618179515	-0.597046315867	0.0349065850399	-1.89079226425	2.77561383635
5.033283	0.8933435	0.0720307203072	-0.635991886441	-0.0174532925199	-1.83261404073	2.4119963032
5.066616	0.894201	0.0554522211889	-0.352892127252	-0.0872664625997	-1.77443581722	3.18771370725
5.099949	0.8964305	0.0554522211889	-0.221525263816	-0.13962634016	-1.61444570255	3.92706935798
5.133282	0.898317	0.0473058897256	-0.269998802727	-0.191986217719	-1.5126338114	4.67854559315
5.166615	0.899689	0.0363011963453	-0.322164429367	-0.244346095279	-1.3090100291	5.53910708826
5.199948	0.900718	0.0242960762941	-0.343840557332	-0.279252680319	-1.10538624679	5.57546884158
5.233281	0.9012325	0.0138630552972	-0.368255976194	-0.314159265359	-0.974485243883	6.58147734995
5.266614	0.901747	0.000714590479237	-0.408988040831	-0.349065850399	-0.712683238063	8.5328914445
5.299947	0.901404	-0.0154351543515	-0.393147793472	-0.366519142919	-0.334524785213	8.61773553557
5.33328	0.9005465	-0.027154438211	-0.330025003245	-0.366519142919	-0.0727227793942	7.09054189636
5.366613	0.8995175	-0.0364441144411	-0.286434548107	-0.366519142919	0.0727227793942	7.16326540299
5.399946	0.8981455	-0.0457337906712	-0.255825949827	-0.366519142919	0.334524785213	9.04195599091
5.433279	0.8964305	-0.0537372040387	-0.220096068566	-0.349065850399	0.727227793942	9.69646755057
5.466612	0.894544	-0.0608831088311	-0.167692242717	-0.314159265359	1.0326634674	8.92075014653
5.499945	0.8923145	-0.0655994059941	-0.0964706794039	-0.279252680319	1.3090100291	8.26623858686
5.533278	0.890085	-0.0674573412401	-0.0284648054044	-0.226892802759	1.57081203492	7.92686222259
5.566611	0.887684	-0.0657423240899	-0.0121481596286	-0.174532925199	1.83261404073	7.78141520933
5.599944	0.8857975	-0.0663139964733	-0.0497836345566	-0.10471975512	2.09441604655	7.41779767619
5.633277	0.8833965	-0.070315703157	-0.0572869096214	-0.0349065850399	2.34167349649	6.60571851883
5.66661	0.8809955	-0.0716019660197	-0.0227480244027	0.0523598775598	2.55984183468	5.09064546405
5.699943	0.8785945	-0.0717448841155	0.0164357453799	0.13962634016	2.66165372583	3.99979286461
5.733276	0.8761935	-0.0706015393487	0.0539521207037	0.226892802759	2.8216438405	3.10286961618
5.766609	0.8737925	-0.0673144231442	0.0646710850819	0.331612557879	2.87982206401	1.87869058792
5.799942	0.8717345	-0.0645989793231	0.0325141919473	0.418879020479	2.92345573165	1.03024967725
5.833275	0.8696765	-0.0664569145691	0.027631108175	0.523598775598	3.01072306692	-1.50295247034
5.866608	0.867104	-0.0638843888439	0.0487117381188	0.628318530718	2.85073295225	-4.60582208652
5.899941	0.865389	-0.0605972726394	0.00631227902271	0.715584993318	2.63256461407	-5.84212169922
5.933274	0.863331	-0.0640273069397	-0.0260828133203	0.802851455917	2.41439627589	-5.84212169922
5.966607	0.86093	-0.0633127164605	-0.0339433871977	0.872664625997	2.28349527298	-6.72692436321
5.99994	0.859215	-0.0651706517065	-0.0663384795407	0.959931088597	2.02169326716	-8.95711189984
6.033273	0.8566425	-0.0694581945819	-0.0353725824481	1.01229096616	1.62899025843	-9.69646755057
6.066606	0.854413	-0.0677431774318	0.0277502077792	1.06465084372	1.32355458497	-9.01771482203
6.099939	0.8525265	-0.0737457374574	0.239747503259	1.09955742876	1.04720802328	-8.76318254883
6.133272	0.8484105	-0.0520221868885	0.441383133174	1.1344640138	0.770861461579	-9.42981469293
6.166605	0.8490965	-0.0308703087031	0.297034412881	1.15191730632	0.450881232244	-10.8479230722
6.199938	0.8473815	-0.034729097291	0.199491837039	1.16937059884	0.0145445558788	-11.2115406053
6.233271	0.846181	-0.0247248305816	0.269879703123	1.15191730632	-0.392703008729	-9.00559423759
6.266604	0.8456665	-0.0140059733931	0.287982842961	1.1344640138	-0.567237679275	-7.16326540299
6.299937	0.8453235	-0.00371587049204	0.266187615392	1.11701072128	-0.799950573336	-7.12690364967
6.33327	0.845495	0.00385878858789	0.239866602864	1.08210413624	-1.04720802328	-7.09054189636
6.366603	0.8456665	0.00986134861349	0.283337958397	1.0471975512	-1.29446547322	-6.5329950122
6.399936	0.8460095	0.0201514515145	0.391123100201	0.994837673637	-1.5126338114	-5.07852487961
6.433269	0.8466955	0.038444967783	0.434832654943	0.942477796077	-1.61444570255	-4.01191344905
6.466602	0.8487535	0.0528796954636	0.380880534239	0.890117918517	-1.77443581722	-3.19983429169
6.499935	0.8504685	0.0613118631186	0.377188446509	0.820304748437	-1.83261404073	-2.4119963032
6.533268	0.8525265	0.0767470174702	0.399698271703	0.767944870878	-1.89079226425	-2.77561383635
6.566601	0.8556135	0.0913246632466	0.338123776331	0.698131700798	-2.03623782304	-2.75137266747
6.599934	0.858872	0.0993280766141	0.265353918163	0.628318530718	-2.09441604655	-2.23018753663
6.633267	0.8621305	0.108617752844	0.194013255246	0.558505360638	-2.15259427007	-2.25442870551
6.6666	0.8662465	0.113476968103	0.0949223845493	0.488692190558	-2.28349527298	-1.18781727495
6.699933	0.869848	0.113905722391	0.0235817216321	0.401425727959	-2.28349527298	1.09085259944
6.733266	0.8737925	0.114477394774	-0.0319186939263	0.331612557879	-2.15259427007	1.83020825017
6.766599	0.8775655	0.11219070524	-0.0927785916737	0.261799387799	-2.10896060243	1.078732015
6.799932	0.8813385	0.107903162365	-0.144467819898	0.191986217719	-2.09441604655	0.509064546405
6.833265	0.8847685	0.102472274723	-0.195680649705	0.12217304764	-2.09441604655	0.593908637473
6.866598	0.8881985	0.0956122061221	-0.262257328454	0.0523598775598	-2.07987149067	1.59991714584
6.899931	0.8912855	0.0846075127418	-0.312993759844	-0.0174532925199	-2.02169326716	3.50284890264
6.933264	0.893858	0.0730311469781	-0.317043146387	-0.0872664625997	-1.83261404073	5.01792195742
6.966597	0.8960875	0.062883962173	-0.307753377259	-0.13962634016	-1.62899025843	4.99368078854
6.99993	0.897974	0.0543088764221	-0.345865250604	-0.191986217719	-1.5126338114	5.09064546405
7.033263	0.8998605	0.0414462477958	-0.425423786211	-0.244346095279	-1.3090100291	5.62395117933
7.066596	0.9008895	0.0242960762941	-0.45996267143	-0.279252680319	-1.10538624679	5.58758942602
7.099929	0.901404	0.0087180038467	-0.432569762463	-0.314159265359	-0.974485243883	6.58147734995
7.133262	0.901404	-0.00485921525882	-0.384453522365	-0.349065850399	-0.712683238063	8.5328914445
7.166595	0.901061	-0.0170072534059	-0.330025003245	-0.366519142919	-0.334524785213	8.62985612001
7.199928	0.9002035	-0.0270115201152	-0.274405488082	-0.366519142919	-0.0727227793942	7.16326540299
7.233261	0.8991745	-0.0344432610993	-0.240581200489	-0.366519142919	0.0727227793942	7.50264176726
7.266594	0.897974	-0.0428754287543	-0.213426490731	-0.366519142919	0.349069341092	9.78131164164
7.299927	0.896259	-0.0495925792591	-0.167334943904	-0.349065850399	0.770861461579	10.8721642411
7.33326	0.894544	-0.0530226135595	-0.147683509211	-0.314159265359	1.17810902619	9.2601265108
7.366593	0.892829	-0.0587393373934	-0.146373413565	-0.261799387799	1.36718825261	7.89050046928
7.399926	0.8905995	-0.0635985526522	-0.125054584413	-0.226892802759	1.62899025843	8.31472092462
7.433259	0.8885415	-0.0671715050484	-0.0973043766334	-0.157079632679	1.97805959952	7.51476235169
7.466592	0.8861405	-0.0706015393487	-0.0535948218911	-0.0872664625997	2.13804971419	6.58147734995
7.499925	0.8837395	-0.0710302936363	-0.00809877308576	-0.0174532925199	2.37076260825	6.60571851883
7.533258	0.8813385	-0.0698869488695	0.000833697229429	0.0698131700798	2.60347550231	5.91484520585
7.566591	0.879109	-0.0694581945819	-0.0267974109455	0.157079632679	2.80709928462	4.19372221562
7.599924	0.8768795	-0.0728882288823	-0.0257255145077	0.261799387799	2.87982206401	2.38775513433
7.633257	0.8741355	-0.0734599012657	0.0252491160909	0.349065850399	2.92345573165	1.59991714584
7.66659	0.8717345	-0.068457767911	0.00619317941851	0.453785605519	3.0252676228	-0.0848440910675
7.699923	0.869848	-0.0701727850612	-0.0842034201711	0.558505360638	2.92345573165	-2.03625818562
7.733256	0.8672755	-0.0773186898536	-0.103497556052	0.645771823238	2.86527750813	-3.5513312404
7.766589	0.86436	-0.0783191165245	-0.0732462565845	0.750491578358	2.7489210611	-6.52087442776
7.799922	0.8621305	-0.0796053793871	-0.0715788621256	0.837758040957	2.39985172001	-8.50865027563
7.833255	0.859558	-0.0908959089591	0.120528799453	0.907571211037	2.10896060243	-8.50865027563
7.866588	0.8549275	-0.0736028193615	0.346698947833	0.977384381117	1.83261404073	-8.2783591713
7.899921	0.8545845	-0.0540230402304	0.222120761837	1.02974425868	1.57081203492	-8.42380618456
7.933254	0.852355	-0.0595968459685	0.102425659614	1.08210413624	1.29446547322	-9.3570911863
7.966587	0.8501255	-0.0541659583263	0.151256497337	1.11701072128	0.974485243883	-10.8479230722
7.99992	0.8487535	-0.0493067430674	0.209734403	1.15191730632	0.538148567517	-11.2963846964
8.033253	0.8466955	-0.0395883125498	0.254515854181	1.15191730632	0.13090100291	-9.41769410849
8.066586	0.8460095	-0.0280119467861	0.18960656989	1.15191730632	-0.0581782235154	-8.24199741799
8.099919	0.8453235	-0.0282977829778	0.169597836384	1.15191730632	-0.334524785213	-9.04195599091
8.133252	0.8439515	-0.023438567719	0.320973433325	1.1344640138	-0.712683238063	-8.62985612001
8.166585	0.8432655	-0.00585964192975	0.449720105468	1.09955742876	-0.974485243883	-6.66632144102
8.199918	0.8436085	0.0118622019554	0.441740431987	1.06465084372	-1.10538624679	-5.91484520585
8.233251	0.8442945	0.0240102401024	0.407439745976	1.02974425868	-1.32355458497	-6.278462739
8.266584	0.845152	0.0370157868245	0.416848614708	0.977384381117	-1.55626747904	-5.85424228366
8.299917	0.8466955	0.051593432601	0.435070854151	0.925024503557	-1.75989126134	-4.26644572225
8.33325	0.848582	0.0667427507608	0.433165260484	0.855211333477	-1.83261404073	-2.81197558967
8.366583	0.8511545	0.0814633146331	0.39648258239	0.802851455917	-1.89079226425	-2.78773442079
8.399916	0.85407	0.0940401070677	0.329548604828	0.733038285838	-2.03623782304	-2.43623747208
8.433249	0.8575	0.103901455681	0.246178881886	0.663225115758	-2.07987149067	-1.57567597697
8.466582	0.8611015	0.110189851899	0.167454043509	0.593411945678	-2.10896060243	-1.4908318859
8.499915	0.8648745	0.114763230966	0.0981380738628	0.523598775598	-2.15259427007	-1.91505234124
8.533248	0.868819	0.116907002403	0.0278693073834	0.453785605519	-2.28349527298	-1.11509376832
8.566581	0.8727635	0.116049493828	-0.0271547097581	0.366519142919	-2.28349527298	1.11509376832
8.599914	0.8765365	0.114906149061	-0.0775338423358	0.296705972839	-2.15259427007	1.91505234124
8.633247	0.880481	0.111619032857	-0.145420616731	0.226892802759	-2.10896060243	1.4908318859
8.66658	0.8840825	0.105044800448	-0.207709709729	0.157079632679	-2.07987149067	1.57567597697
8.699913	0.8875125	0.0971843051764	-0.254515854181	0.0872664625997	-2.03623782304	2.43623747208
8.733246	0.8905995	0.0877517108504	-0.292865926734	0.0174532925199	-1.89079226425	2.78773442079
8.766579	0.8933435	0.0781761984286	-0.342411362082	-0.0349065850399	-1.83261404073	2.81197558967
8.799912	0.895916	0.0654564878982	-0.401484765766	-0.10471975512	-1.75989126134	4.25432513781
8.833245	0.8978025	0.0500213335467	-0.420778901647	-0.157079632679	-1.55626747904	5.75727760815
8.866578	0.8991745	0.0363011963453	-0.406606048747	-0.209439510239	-1.32355458497	5.78151877703
8.899911	0.9002035	0.0231527315273	-0.392909594264	-0.244346095279	-1.11993080267	4.43613390439
8.933244	0.900718	0.010290102901	-0.381237833052	-0.279252680319	-1.04720802328	3.74526059141
8.966577	0.9008895	-0.00242960762941	-0.3627773944	-0.314159265359	-0.959940688004	5.51486591939
8.99991	0.9005465	-0.0145776457765	-0.321807130555	-0.349065850399	-0.712683238063	8.1207915736
9.033243	0.8998605	-0.0245819124858	-0.260351734786	-0.366519142919	-0.334524785213	8.5328914445
9.066576	0.8988315	-0.0320136534699	-0.199610936643	-0.366519142919	-0.0727227793942	7.07842131192
9.099909	0.897631	-0.0367299506328	-0.171384330447	-0.366519142919	0.0727227793942	7.16326540298
9.133242	0.8964305	-0.0423037563709	-0.173051724906	-0.366519142919	0.334524785213	9.02983540647
9.166575	0.894887	-0.0494496611633	-0.146373413565	-0.349065850399	0.727227793942	9.6116234595
9.199908	0.8930005	-0.0530226135595	-0.0967088786123	-0.314159265359	1.0326634674	8.50865027563
9.233241	0.8912855	-0.0547376307096	-0.0753900494601	-0.279252680319	1.29446547322	7.18750657186
9.266574	0.889399	-0.057167238339	-0.0783675395652	-0.226892802759	1.5126338114	6.02393046579
9.299907	0.8875125	-0.0605972726394	-0.0693159696458	-0.174532925199	1.64353481431	6.33906566119
9.33324	0.885283	-0.0620264535979	-0.0562150131835	-0.12217304764	1.89079226425	7.78141520933
9.366573	0.8833965	-0.063741470748	-0.0653856827071	-0.0523598775598	2.23986160534	7.26023007849
9.399906	0.8809955	-0.0654564878982	-0.0942077869241	0.0349065850399	2.39985172001	5.8057599459
9.433239	0.879109	-0.0690294402944	-0.125769182038	0.10471975512	2.60347550231	4.71490734647
9.466572	0.876708	-0.0794624612913	0.00905156991939	0.209439510239	2.76346561698	2.48471980983
9.499905	0.873278	-0.0737457374574	0.276906579771	0.296705972839	2.71983194934	1.57567597697
9.533238	0.8713915	-0.0568814021474	0.41065543529	0.383972435439	2.83618839637	1.44234954815
9.566571	0.8693335	-0.0361582782494	0.248203575158	0.488692190558	2.86527750813	-0.0363617533146
9.599904	0.8696765	-0.0350149334827	-0.0771765435231	0.575958653158	2.85073295225	-2.04837877006
9.633237	0.867447	-0.047877562109	-0.231053232153	0.680678408278	2.76346561698	-4.95731903523
9.66657	0.8662465	-0.0560238935723	-0.214736586377	0.767944870878	2.45802994352	-6.18149806349
9.699903	0.863674	-0.0634556345563	-0.132319660269	0.837758040957	2.31258438474	-6.30270390787
9.733236	0.8617875	-0.0631697983646	-0.0802731332324	0.925024503557	2.07987149067	-7.38143592287
9.766569	0.8597295	-0.0691723583902	-0.0275120085708	0.977384381117	1.81806948486	-8.32684150905
9.799902	0.856814	-0.0655994059941	0.0356107816565	1.0471975512	1.52717836728	-9.38133235518
9.833235	0.855442	-0.0640273069397	0.0296558014464	1.08210413624	1.14901991443	-9.33285001743
9.866568	0.852698	-0.0654564878982	0.0699114676668	1.11701072128	0.930851576246	-9.73282930389
9.899901	0.8508115	-0.0601685183518	0.131605062644	1.15191730632	0.523604011638	-10.4843055391
9.933234	0.8487535	-0.0558809754764	0.181150497992	1.15191730632	0.13090100291	-8.66621787332
9.966567	0.8470385	-0.0491638249716	0.255468651014	1.15191730632	-0.0436336676365	-7.10266248079
9.9999	0.8453235	-0.038444967783	0.316090349553	1.15191730632	-0.276346561698	-7.1996271563
10.033233	0.844466	-0.0267256839235	0.342887760499	1.1344640138	-0.523604011638	-7.51476235169
10.066566	0.8436085	-0.0161497448308	0.380999633843	1.11701072128	-0.785406017458	-7.69657111827
10.099899	0.8432655	-0.00200085334187	0.432450662859	1.08210413624	-1.04720802328	-7.41779767619
10.133232	0.843437	0.0134343010097	0.459367173409	1.0471975512	-1.29446547322	-6.67844202546
10.166565	0.844123	0.0298698820322	0.449124607447	0.994837673637	-1.5126338114	-5.41790124388
10.199898	0.845495	0.0444475278086	0.408868941227	0.942477796077	-1.62899025843	-4.66642500871
10.233231	0.84721	0.0558809754764	0.396839881202	0.890117918517	-1.81806948486	-3.9634311113
10.266564	0.8490965	0.0700298669653	0.403390359434	0.820304748437	-1.96351504364	-1.67264065247
10.299897	0.8518405	0.0847504308376	0.359323505879	0.750491578358	-1.89079226425	-0.484823377529
10.33323	0.8549275	0.094754697547	0.291079432671	0.698131700798	-1.90533682013	-1.61203773028
10.366563	0.858186	0.103186865202	0.242248594948	0.628318530718	-2.03623782304	-1.92717292568
10.399896	0.8617875	0.111190278569	0.190321167515	0.558505360638	-2.07987149067	-1.078732015
10.433229	0.865732	0.115763657637	0.141966728209	0.488692190558	-2.09441604655	-0.412099870899
10.466562	0.869505	0.11976536432	0.106594145761	0.418879020479	-2.09441604655	-0.0848440910675
10.499895	0.873621	0.124910415771	0.0135773548791	0.349065850399	-2.09441604655	-2.03542923277E-14
10.533228	0.87808	0.122766644333	-0.132676959081	0.279252680319	-2.09441604655	0.0969646755057
10.566561	0.8820245	0.114048640486	-0.227122945214	0.209439510239	-2.09441604655	0.509064546405
10.599894	0.885626	0.105616472831	-0.265234818559	0.13962634016	-2.07987149067	1.57567597697
10.633227	0.889056	0.0967555508888	-0.30382309032	0.0698131700798	-2.02169326716	3.41800481158
10.66656	0.892143	0.0860366937003	-0.355274119336	0	-1.83261404073	4.60582208652
10.699893	0.894887	0.0724594745947	-0.39052760218	-0.0523598775598	-1.64353481431	3.91494877354
10.733226	0.896945	0.0591680916809	-0.399936470912	-0.10471975512	-1.57081203492	3.15135195394
10.766559	0.8988315	0.0457337906712	-0.398864574474	-0.157079632679	-1.49808925552	3.93918994242
10.799892	0.900032	0.031870735374	-0.37635474928	-0.209439510239	-1.3090100291	4.78763085309
10.833225	0.9008895	0.0198656153228	-0.338123776331	-0.244346095279	-1.11993080267	4.35128981332
10.866558	0.9012325	0.0108617752844	-0.340267569206	-0.279252680319	-1.0326634674	4.31492806
10.899891	0.901747	-0.00142918095848	-0.376473848884	-0.314159265359	-0.916307020367	6.26634215456
10.933224	0.9012325	-0.0160068267349	-0.367660478173	-0.349065850399	-0.581782235154	7.39355650731
10.966557	0.9005465	-0.0272973563069	-0.32109253293	-0.349065850399	-0.334524785213	6.32694507675
10.99989	0.899346	-0.036587032537	-0.288459241378	-0.366519142919	-0.203623782304	6.35118624562
11.033223	0.8981455	-0.0461625449588	-0.261900029641	-0.366519142919	0.0290891117577	7.92686222259
11.066556	0.896259	-0.0550234669013	-0.209972602209	-0.366519142919	0.319980229335	9.68434696613
11.099889	0.8943725	-0.0607401907352	-0.140180234146	-0.349065850399	0.727227793942	9.93887923934
11.133222	0.892143	-0.0640273069397	-0.0746754518349	-0.314159265359	1.0326634674	8.58137378226
11.166555	0.890085	-0.0657423240899	-0.0108380639824	-0.279252680319	1.29446547322	7.1996271563
11.199888	0.887684	-0.0650277336107	0.0532375230785	-0.226892802759	1.5126338114	6.01180988135
11.233221	0.885626	-0.0607401907352	0.0741990534181	-0.174532925199	1.64353481431	6.26634215456
11.266554	0.8837395	-0.0590251735851	0.0635991886441	-0.12217304764	1.89079226425	7.4541594295
11.299887	0.8816815	-0.0568814021474	0.0577633080382	-0.0523598775598	2.22531704946	6.60571851883
11.33322	0.8799665	-0.0555951392847	0.0605025989348	0.0349065850399	2.35621805237	5.0421631263
11.366553	0.8779085	-0.0524509411761	0.0509746305986	0.10471975512	2.4725744994	5.43002182832
11.399886	0.8765365	-0.0514505145051	0.0189368370682	0.191986217719	2.76346561698	4.60582208652
11.433219	0.8744785	-0.0507359240259	-0.0240581200489	0.296705972839	2.85073295225	1.9029317568
11.466552	0.873278	-0.0535942859429	-0.0489499373272	0.383972435439	2.86527750813	-0.315135195394
11.499885	0.870877	-0.0555951392847	-0.0283457058002	0.488692190558	2.8216438405	-2.18170519888
11.533218	0.869505	-0.0557380573806	-0.00273929089666	0.575958653158	2.67619828171	-2.75137266747
11.566551	0.867104	-0.0545947126138	-0.010004366753	0.663225115758	2.61802005819	-2.8240961741
11.599884	0.8659035	-0.0545947126138	-0.0634800890399	0.750491578358	2.5452972788	-4.35128981332
11.633217	0.863674	-0.060025600256	-0.0845607189837	0.837758040957	2.34167349649	-6.278462739
11.66655	0.8617875	-0.0625981259813	-0.0419230606792	0.907571211037	2.09441604655	-7.42991826063
11.699883	0.8593865	-0.0623122897896	-0.00357298812607	0.977384381117	1.83261404073	-8.18139449579
11.733216	0.8576715	-0.0620264535979	0.0167930441925	1.02974425868	1.55626747904	-8.99347365316
11.766549	0.8552705	-0.0620264535979	0.0535948218911	1.08210413624	1.25083180558	-10.1085674215
11.799882	0.853384	-0.0580247469141	0.0802731332324	1.11701072128	0.843584240973	-10.1085674215
11.833215	0.8514975	-0.0561668116681	0.0998054683216	1.1344640138	0.538148567517	-9.00559423759
11.866548	0.849611	-0.0527367773678	0.156854178735	1.15191730632	0.261802005819	-8.2783591713
11.899881	0.847896	-0.0465912992463	0.233554323841	1.15191730632	0	-7.92686222259
11.933214	0.8463525	-0.0361582782494	0.28226606196	1.15191730632	-0.261802005819	-7.78141520933
11.966547	0.845495	-0.0255823391567	0.273809990061	1.1344640138	-0.523604011638	-7.42991826063
11.99988	0.844809	-0.018722270556	0.284409854835	1.11701072128	-0.770861461579	-6.70268319433
12.033213	0.844123	-0.00857508575086	0.345269752583	1.08210413624	-0.989029799761	-5.58758942602
12.066546	0.844123	0.00485921525882	0.395529785556	1.0471975512	-1.10538624679	-5.50274533495
12.099879	0.844466	0.0185793524602	0.42339909294	1.01229096616	-1.32355458497	-6.19361864793
12.133212	0.8453235	0.0334428344283	0.434713555339	0.959931088597	-1.55626747904	-5.84212169922
12.166545	0.8466955	0.0481633983007	0.428043977503	0.907571211037	-1.75989126134	-4.26644572225
12.199878	0.848582	0.061883535502	0.421255300064	0.837758040957	-1.83261404073	-2.81197558967
12.233211	0.8508115	0.0757465907992	0.419826104813	0.785398163397	-1.89079226425	-2.77561383635
12.266544	0.8535555	0.0910388270549	0.381714231469	0.715584993318	-2.03623782304	-2.35139338101
12.299877	0.8569855	0.103043947106	0.291674930692	0.645771823238	-2.07987149067	-1.16357610607
12.33321	0.860587	0.110189851899	0.204851319228	0.575958653158	-2.09441604655	-0.424220455338
12.366543	0.86436	0.115620739541	0.143872321876	0.506145483078	-2.09441604655	-0.0848440910675
12.399876	0.8683045	0.119908282416	0.0817023284829	0.436332312999	-2.09441604655	-0.0121205844382
12.433209	0.8724205	0.121766217662	0.00416848614708	0.366519142919	-2.09441604655	0.0121205844382
12.466542	0.8765365	0.120051200512	-0.0689586708332	0.296705972839	-2.09441604655	0.0848440910675
12.499875	0.880481	0.116192411924	-0.117432209744	0.226892802759	-2.09441604655	0.424220455337
12.533208	0.884254	0.11219070524	-0.162213660924	0.157079632679	-2.07987149067	1.17569669051
12.566541	0.888027	0.106188145215	-0.22617014838	0.0872664625997	-2.03623782304	2.42411688764
12.599874	0.891457	0.0964697146971	-0.278812173438	0.0174532925199	-1.89079226425	3.10286961618
12.633207	0.8943725	0.0878946289463	-0.340624868019	-0.0349065850399	-1.81806948486	3.46648714933
12.66654	0.8974595	0.07503200032	-0.432807961671	-0.10471975512	-1.7162575937	5.03004254186
12.699873	0.8995175	0.0577389107224	-0.488189277626	-0.157079632679	-1.42536647613	5.11488663293
12.733206	0.9012325	0.0417320839875	-0.513795692529	-0.191986217719	-1.32355458497	3.97555169573
12.766539	0.902433	0.0224381410481	-0.502123931317	-0.244346095279	-1.2362872497	4.69066617759
12.799872	0.9026045	0.00671715050484	-0.448290910218	-0.279252680319	-1.0326634674	5.92696579029
12.833205	0.902776	-0.0060025600256	-0.435070854151	-0.314159265359	-0.799950573336	6.20573923237
12.866538	0.9022615	-0.0211518781854	-0.434951754547	-0.331612557879	-0.581782235154	5.51486591939
12.899871	0.901404	-0.0355866058661	-0.393147793472	-0.349065850399	-0.465425788123	5.67243351708
12.933204	0.9002035	-0.0554522211889	-0.151375596941	-0.366519142919	-0.24725744994	7.11478306523
12.966537	0.896602	-0.0467342173422	0.0980189742586	-0.366519142919	0.0145445558788	8.49652969119
12.99987	0.896945	-0.0341574249076	-0.0363253792817	-0.366519142919	0.319980229335	9.6116234595
13.033203	0.8954015	-0.0483063163965	-0.20151653031	-0.349065850399	0.712683238063	9.02983540647
13.066536	0.893515	-0.0570243202432	-0.146373413565	-0.314159265359	0.974485243883	7.16326540298
13.099869	0.8912855	-0.0603114364477	-0.0222716259858	-0.279252680319	1.11993080267	7.09054189636
13.133202	0.889056	-0.0507359240259	-0.0738417546055	-0.244346095279	1.38173280849	8.61773553557
13.166535	0.8888845	-0.0645989793231	-0.168883238759	-0.191986217719	1.75989126134	8.54501202894
13.199868	0.884254	-0.0686006860069	-0.109214337054	-0.12217304764	2.02169326716	6.65420085658
13.233201	0.883911	-0.0635985526522	-0.21795227569	-0.0523598775598	2.15259427007	5.91484520585
13.266534	0.8813385	-0.0890379737131	-0.151971094962	0.0174532925199	2.37076260825	6.26634215456
13.299867	0.8768795	-0.0854650213169	0.196990745351	0.10471975512	2.60347550231	5.75727760815
13.3332	0.874993	-0.0657423240899	0.28822104217	0.191986217719	2.80709928462	3.75738117585
13.366533	0.8731065	-0.0587393373934	0.171860728864	0.296705972839	2.86527750813	1.2362996127
13.399866	0.87122	-0.0564526478598	0.0734844557929	0.383972435439	2.86527750813	-0.630270390787
13.433199	0.8693335	-0.0560238935723	0.0310849966968	0.488692190558	2.8216438405	-2.18170519888
13.466532	0.867447	-0.0547376307096	0.0133391556707	0.575958653158	2.67619828171	-2.42411688764
13.499865	0.865732	-0.0547376307096	-0.00750327506475	0.663225115758	2.63256461407	-2.09686110781
13.533198	0.8638455	-0.0558809754764	-0.010599864774	0.750491578358	2.58893094643	-3.26043721388
13.566531	0.861959	-0.0560238935723	0.00214379287564	0.837758040957	2.48711905528	-6.33906566119
13.599864	0.8600725	-0.0551663849972	0.0050021833765	0.925024503557	2.13804971419	-8.79954430214
13.633197	0.8583575	-0.0558809754764	0.0146492513169	0.977384381117	1.83261404073	-9.30860884855
13.66653	0.8562995	-0.0551663849972	0.0469252440557	1.0471975512	1.52717836728	-9.78131164164
13.699863	0.8545845	-0.0521651049844	0.0658620811239	1.08210413624	1.14901991443	-9.41769410849
13.733196	0.8528695	-0.0498784154508	0.0641946866651	1.11701072128	0.930851576246	-9.74494988832
13.766529	0.851326	-0.0490209068757	0.0887292051308	1.15191730632	0.523604011638	-10.4843055391
13.799862	0.8494395	-0.0443046097128	0.127555676101	1.15191730632	0.13090100291	-8.67833845776
13.833195	0.8484105	-0.0397312306456	0.15530588388	1.15191730632	-0.0436336676365	-7.18750657186
13.866528	0.846867	-0.0361582782494	0.237008212363	1.15191730632	-0.276346561698	-7.6117270272
13.899861	0.8456665	-0.0238673220066	0.313946556678	1.1344640138	-0.538148567517	-8.58137378226
13.933194	0.8453235	-0.0122909562429	0.317757744012	1.11701072128	-0.843584240973	-9.514658784
13.966527	0.8449805	-0.00343003430034	0.339552971581	1.08210413624	-1.2362872497	-8.435926769
13.99986	0.8449805	0.0087180038467	0.399936470912	1.02974425868	-1.48354469964	-5.17548955512
14.033193	0.845495	0.0230098134315	0.461749165493	0.977384381117	-1.55626747904	-2.60592565422
14.066526	0.8463525	0.0415891658917	0.463416559951	0.925024503557	-1.58535659079	-2.18170519888
14.099859	0.8484105	0.0564526478598	0.392671395055	0.872664625997	-1.64353481431	-3.51496948708
14.133192	0.850297	0.0663139964733	0.352773027647	0.820304748437	-1.83261404073	-4.52097799545
14.166525	0.852698	0.0788907889079	0.340148469602	0.750491578358	-2.02169326716	-3.41800481158
14.199858	0.8556135	0.0897525641923	0.310135369343	0.680678408278	-2.07987149067	-1.66052006804
14.233191	0.8587005	0.0998997489975	0.268450507872	0.610865238198	-2.09441604655	-0.921164417304
14.266524	0.862302	0.108474834748	0.205685016458	0.541052068118	-2.10896060243	-1.16357610607
14.299857	0.866075	0.113048213815	0.162570959736	0.471238898038	-2.15259427007	-1.83020825017
14.33319	0.869848	0.117478674787	0.162094561319	0.401425727959	-2.28349527298	-1.01812909281
14.366523	0.8737925	0.124195825292	0.1388701385	0.314159265359	-2.28349527298	1.51507305478
14.399856	0.87808	0.130912975796	-0.0045257849597	0.244346095279	-2.13804971419	2.90894026517
14.433189	0.882882	0.126768351017	-0.229385837694	0.174532925199	-2.05078237892	2.99378435624
14.466522	0.8868265	0.113048213815	-0.382786127906	0.10471975512	-1.90533682013	2.03625818562
14.499855	0.890428	0.0977559775598	-0.426495682649	0.0523598775598	-1.89079226425	0.654511559664
14.533188	0.8933435	0.0823208232082	-0.391480399013	-0.0174532925199	-1.96351504364	2.09686110781
14.566521	0.8957445	0.0717448841155	-0.352415728835	-0.0872664625997	-1.80352492898	5.01792195742
14.599854	0.8981455	0.0607401907352	-0.36504028688	-0.13962634016	-1.57081203492	6.41178916782
14.633187	0.8998605	0.0480204802048	-0.396244383181	-0.191986217719	-1.32355458497	6.09665397242
14.66652	0.901404	0.0335857525242	-0.407558845581	-0.226892802759	-1.11993080267	4.42401331995
14.699853	0.90209	0.0194368610353	-0.377664844926	-0.261799387799	-1.04720802328	3.34528130495
14.733186	0.9026045	0.00814633146331	-0.340743967623	-0.296705972839	-0.974485243883	4.44825448882
14.766519	0.9026045	-0.00228668953356	-0.335027186621	-0.331612557879	-0.770861461579	6.278462739
14.799852	0.902433	-0.0125767924346	-0.373019960362	-0.349065850399	-0.523604011638	7.34507416956
14.833185	0.9019185	-0.0268686020194	-0.414585722229	-0.366519142919	-0.261802005819	7.7692946249
14.866518	0.900718	-0.0430183468501	-0.378617641759	-0.366519142919	0	7.92686222259
14.899851	0.8988315	-0.053451367847	-0.297749010506	-0.366519142919	0.261802005819	8.26623858686
14.933184	0.8971165	-0.061883535502	-0.233435224237	-0.349065850399	0.538148567517	8.92075014653
14.966517	0.8947155	-0.0694581945819	-0.160784465673	-0.331612557879	0.843584240973	9.68434696613
14.99985	0.8923145	-0.0723165564989	-0.0984953726754	-0.296705972839	1.2362872497	8.95711189984
15.033183	0.8899135	-0.07503200032	-0.0581206068508	-0.244346095279	1.49808925552	6.75116553209
15.066516	0.887341	-0.0773186898536	0.00726507585635	-0.191986217719	1.62899025843	6.02393046579
15.099849	0.884597	-0.0751749184158	0.079439436003	-0.13962634016	1.84715859661	6.77540670096
15.133182	0.882196	-0.0694581945819	0.0805113324408	-0.0698131700798	2.09441604655	7.33295358512
15.166515	0.880138	-0.0680290136235	0.0313231959052	0	2.35621805237	7.17538598742
15.199848	0.877737	-0.0687436041027	0.0148874505253	0.0872664625997	2.60347550231	5.83000111478
15.233181	0.8755075	-0.068457767911	0.0377545745321	0.174532925199	2.79255472874	3.18771370725
15.266514	0.8731065	-0.0663139964733	0.0670530771659	0.279252680319	2.8216438405	0.484823377529
15.299847	0.8710485	-0.062883962173	0.0671721767701	0.366519142919	2.73437650522	0.0969646755057
15.33318	0.8689905	-0.0614547812145	0.0547858179331	0.453785605519	2.8216438405	0.0242411688764
15.366513	0.8669325	-0.0595968459685	0.0515701286197	0.558505360638	2.80709928462	-1.69688182135
15.399846	0.865046	-0.0584535012017	0.0603834993306	0.645771823238	2.67619828171	-2.84833734298
15.433179	0.862988	-0.0558809754764	0.0739608542097	0.733038285838	2.60347550231	-3.83010468248
15.466512	0.861273	-0.0524509411761	0.0569296108087	0.820304748437	2.48711905528	-6.26634215456
15.499845	0.859558	-0.0508788421218	0.00988526714879	0.907571211037	2.15259427007	-7.87837988484
15.533178	0.8580145	-0.0528796954636	-0.00738417546055	0.959931088597	1.89079226425	-7.81777696265
15.566511	0.8559565	-0.0530226135595	0.0221525263816	1.02974425868	1.70171303782	-9.33285001743
15.599844	0.854413	-0.0513075964093	0.0552622163499	1.08210413624	1.29446547322	-11.284264112
15.633177	0.8525265	-0.0488779887799	0.0801540336282	1.11701072128	0.858128796852	-10.8479230722
15.66651	0.8511545	-0.0460196268629	0.106713245365	1.1344640138	0.538148567517	-9.34497060186
15.699843	0.8494395	-0.0424466744667	0.153757589025	1.15191730632	0.261802005819	-8.35108267793
15.733176	0.848239	-0.0360153601536	0.211520897063	1.15191730632	0	-7.95110339147
15.766509	0.8470385	-0.0287265372654	0.276906579771	1.15191730632	-0.261802005819	-7.8662593004
15.799842	0.846181	-0.0172930895976	0.327762110765	1.1344640138	-0.523604011638	-7.84201813152
15.833175	0.845838	-0.00471629716297	0.320020636492	1.11701072128	-0.785406017458	-7.75717404046
15.866508	0.8460095	0.00457337906712	0.297987209714	1.08210413624	-1.04720802328	-7.34507416956
15.899841	0.846181	0.0130055467221	0.327643011161	1.0471975512	-1.29446547322	-6.278462739
15.933174	0.8466955	0.0260110934443	0.367064980152	0.994837673637	-1.49808925552	-4.43613390439
15.966507	0.847896	0.0394453944539	0.360514501921	0.942477796077	-1.57081203492	-3.24831662944
15.99984	0.8494395	0.0504500878342	0.346341649021	0.890117918517	-1.64353481431	-3.92706935798
16.033173	0.851326	0.0601685183518	0.386240016428	0.837758040957	-1.83261404073	-4.60582208652
16.066506	0.8532125	0.0757465907992	0.428758575129	0.767944870878	-2.02169326716	-3.41800481158
16.099839	0.8562995	0.092896762301	0.358847107462	0.698131700798	-2.07987149067	-1.58779656141
16.133172	0.8597295	0.101471848052	0.231886929382	0.628318530718	-2.09441604655	-0.593908637473
16.166505	0.8631595	0.106331063311	0.146373413565	0.558505360638	-2.09441604655	-0.509064546405
16.199838	0.866761	0.111047360474	0.0707451648962	0.488692190558	-2.10896060243	-1.078732015
16.233171	0.8707055	0.111619032857	-0.0097661675446	0.418879020479	-2.15259427007	-1.81808766573
16.266504	0.874307	0.109046507132	-0.0541903199121	0.349065850399	-2.28349527298	-1.01812909281
16.299837	0.8779085	0.107474408077	-0.0851562170047	0.261799387799	-2.28349527298	1.52719363922
16.33317	0.88151	0.104330209969	-0.139227437313	0.191986217719	-2.13804971419	2.99378435624
16.366503	0.88494	0.0987564042307	-0.206637813291	0.12217304764	-2.05078237892	3.40588422714
16.399836	0.8881985	0.0898954822882	-0.254515854181	0.0523598775598	-1.89079226425	3.10286961618
16.433169	0.8909425	0.0804628879622	-0.264162922121	0	-1.83261404073	2.48471980983
16.466502	0.893515	0.0720307203072	-0.264520220934	-0.0698131700798	-1.77443581722	3.19983429169
16.499835	0.8957445	0.0635985526522	-0.286791846919	-0.12217304764	-1.61444570255	3.92706935798
16.533168	0.8978025	0.0535942859429	-0.333359792163	-0.174532925199	-1.5126338114	4.66642500871
16.566501	0.899346	0.0420179201792	-0.397554478828	-0.226892802759	-1.3090100291	5.4542629972
16.599834	0.900718	0.0270115201152	-0.452697595573	-0.261799387799	-1.10538624679	5.16336897068
16.633167	0.9012325	0.00971843051764	-0.445075220904	-0.296705972839	-0.989029799761	5.51486591939
16.6665	0.9012325	-0.00414462477958	-0.389932104159	-0.331612557879	-0.770861461579	6.70268319433
16.699833	0.9008895	-0.0157209905432	-0.340624868019	-0.349065850399	-0.523604011638	7.51476235169
16.733166	0.9002035	-0.0268686020194	-0.291555831087	-0.366519142919	-0.261802005819	8.1813944958
16.766499	0.899003	-0.0353007696744	-0.242129495343	-0.366519142919	0.0145445558788	8.90862956209
16.799832	0.8978025	-0.0421608382751	-0.212116395084	-0.366519142919	0.319980229335	9.69646755057
16.833165	0.896259	-0.0498784154508	-0.172337127281	-0.349065850399	0.712683238063	9.04195599091
16.866498	0.8943725	-0.0545947126138	-0.114931118055	-0.314159265359	0.974485243883	7.17538598742
16.899831	0.892486	-0.0558809754764	-0.102425659614	-0.279252680319	1.11993080267	7.17538598742
16.933164	0.890771	-0.060025600256	-0.126721978871	-0.244346095279	1.38173280849	9.02983540647
16.966497	0.8885415	-0.0655994059941	-0.119695102223	-0.191986217719	1.77443581722	9.59950287507
16.99983	0.886312	-0.0690294402944	-0.0819405276913	-0.12217304764	2.07987149067	8.41168560012
17.033163	0.883911	-0.0711732117321	-0.0369208773028	-0.0523598775598	2.34167349649	6.6905626099
17.066496	0.88151	-0.071316129828	0.000833697229426	0.0349065850399	2.5452972788	4.50885741102
17.099829	0.879109	-0.0701727850612	0.011195362795	0.12217304764	2.61802005819	3.16347253837
17.133162	0.8768795	-0.0700298669653	0.00690777704376	0.209439510239	2.69074283759	3.41800481158
17.166495	0.8744785	-0.0706015393487	0.0215570283606	0.296705972839	2.86527750813	3.03014610955
17.199828	0.8720775	-0.0688865221986	0.0396601681994	0.401425727959	2.99617851104	-1.2582653439E-14
17.233161	0.869848	-0.0663139964733	0.0141728529001	0.506145483078	2.86527750813	-3.03014610955
17.266494	0.86779	-0.0673144231442	-0.0279884069876	0.593411945678	2.69074283759	-3.41800481158
17.299827	0.865389	-0.0693152764861	-0.0381118733448	0.680678408278	2.61802005819	-3.15135195394
17.33316	0.8631595	-0.0710302936363	-0.0122672592329	0.767944870878	2.5452972788	-4.42401331995
17.366493	0.860587	-0.0707444574446	0.0335860883851	0.855211333477	2.34167349649	-6.29058332343
17.399826	0.8583575	-0.0678860955276	0.0574060092256	0.925024503557	2.09441604655	-7.44203884506
17.433159	0.856128	-0.0664569145691	0.070030567271	0.994837673637	1.83261404073	-8.26623858686
17.466492	0.8538985	-0.0638843888439	0.100281866738	1.0471975512	1.55626747904	-9.41769410849
17.499825	0.8518405	-0.0604543545435	0.152566592983	1.09955742876	1.2362872497	-11.2600229431
17.533158	0.8497825	-0.0538801221346	0.211759096272	1.1344640138	0.785406017458	-12.3508755425
17.566491	0.848239	-0.0464483811505	0.267021312622	1.15191730632	0.334524785213	-11.175178852
17.599824	0.846524	-0.0348720153868	0.287506444545	1.15191730632	0.0145445558788	-9.01771482203
17.633157	0.8460095	-0.0254394210609	0.261423631224	1.15191730632	-0.24725744994	-7.29659183181
17.66649	0.8449805	-0.0195797791311	0.289412038212	1.1344640138	-0.465425788123	-6.10877455686
17.699823	0.844466	-0.00743174098408	0.349200039521	1.11701072128	-0.596326791033	-6.66632144102
17.733156	0.844466	0.00514505145051	0.376831147696	1.09955742876	-0.858128796852	-8.44804735344
17.766489	0.844809	0.018722270556	0.377426645717	1.06465084372	-1.2362872497	-8.10867098917
17.799822	0.845838	0.0291552915529	0.39874547487	1.01229096616	-1.48354469964	-5.50274533495
17.833155	0.846524	0.0451621182879	0.423160893731	0.959931088597	-1.57081203492	-3.66041650034
17.866488	0.848925	0.0594539278726	0.395410685952	0.907571211037	-1.64353481431	-4.01191344905
17.899821	0.85064	0.0701727850612	0.393385992681	0.855211333477	-1.83261404073	-4.61794267096
17.933154	0.853384	0.0858937756044	0.372543561945	0.785398163397	-2.02169326716	-3.43012539602
17.966487	0.856471	0.0978988956556	0.272499894415	0.715584993318	-2.07987149067	-1.66052006804
17.99982	0.8600725	0.105044800448	0.145777915544	0.645771823238	-2.09441604655	-0.921164417304
18.033153	0.863674	0.105902309023	0.0662193799365	0.575958653158	-2.10896060243	-1.16357610607
18.066486	0.867104	0.106902735694	0.060621698539	0.506145483078	-2.15259427007	-1.84232883461
18.099819	0.8707055	0.110046933803	0.0572869096213	0.436332312999	-2.28349527298	-1.10297318388
18.133152	0.8744785	0.11219070524	0.0120290600244	0.349065850399	-2.28349527298	1.11509376832
18.166485	0.8782515	0.111904869049	-0.0701496668752	0.279252680319	-2.15259427007	1.92717292568
18.199818	0.8820245	0.108188998557	-0.170788832426	0.209439510239	-2.10896060243	1.57567597697
18.233151	0.885626	0.0997568309016	-0.249037272387	0.13962634016	-2.07987149067	1.98777584787
18.266484	0.888713	0.0896096460965	-0.276906579771	0.0698131700798	-2.02169326716	3.49072831821
18.299817	0.891457	0.0821779051124	-0.322998126597	0	-1.83261404073	4.53309857989
18.33315	0.8943725	0.0697440307736	-0.404819554684	-0.0523598775598	-1.64353481431	3.51496948708
18.366483	0.896259	0.0531655316553	-0.430545069192	-0.10471975512	-1.58535659079	2.16958461444
18.399816	0.8978025	0.0391595582623	-0.400889267745	-0.157079632679	-1.55626747904	2.50896097871
18.433149	0.8988315	0.0264398477318	-0.363372892422	-0.209439510239	-1.48354469964	4.67854559315
18.466482	0.8995175	0.0154351543515	-0.338123776331	-0.261799387799	-1.25083180558	6.95721546754
18.499815	0.8998605	0.00457337906712	-0.331692397704	-0.296705972839	-0.916307020367	6.60571851883
18.533148	0.8998605	-0.00700298669653	-0.316924046783	-0.314159265359	-0.785406017458	5.5512276727
18.566481	0.899346	-0.0172930895976	-0.279645870667	-0.349065850399	-0.654505014548	7.11478306523
18.599814	0.89866	-0.0257252572526	-0.236889112759	-0.366519142919	-0.305435673456	8.62985612001
18.633147	0.897631	-0.0335857525242	-0.184961685326	-0.366519142919	-0.0145445558788	8.59349436669
18.66648	0.896259	-0.0371587049204	-0.160427166861	-0.366519142919	0.261802005819	8.5934943667
18.699813	0.89523	-0.0425895925626	-0.179602203137	-0.349065850399	0.538148567517	8.99347365316
18.733146	0.893515	-0.0501642516425	-0.172218027677	-0.331612557879	0.843584240973	9.69646755057
18.766479	0.8918	-0.0554522211889	-0.128627572539	-0.296705972839	1.2362872497	8.95711189984
18.799812	0.889742	-0.0585964192975	-0.0842034201711	-0.244346095279	1.49808925552	6.75116553209
18.833145	0.8878555	-0.0601685183519	-0.0597880013096	-0.191986217719	1.62899025843	6.02393046579
18.866478	0.8857975	-0.062883962173	-0.0304894986758	-0.13962634016	1.84715859661	6.77540670096
18.899811	0.883568	-0.0630268802688	0.0172694426094	-0.0698131700798	2.09441604655	7.34507416956
18.933144	0.88151	-0.0605972726394	0.0339433871977	0	2.35621805237	7.24810949405
18.966477	0.8796235	-0.0603114364477	0.031204096301	0.0872664625997	2.60347550231	6.16937747905
18.99981	0.877394	-0.0580247469141	0.00976616754459	0.174532925199	2.80709928462	3.92706935798
19.033143	0.8758505	-0.0584535012017	-0.0423994590961	0.279252680319	2.86527750813	1.66052006804
19.066476	0.873621	-0.0623122897896	-0.0544285191205	0.366519142919	2.87982206401	0.424220455338
19.099809	0.871563	-0.062883962173	-0.0407320646372	0.471238898038	2.87982206401	-0.424220455338
19.133142	0.869505	-0.0651706517065	-0.0202469327144	0.558505360638	2.86527750813	-1.66052006804
19.166475	0.867104	-0.0643131431314	0.000119099604202	0.663225115758	2.80709928462	-3.92706935798
19.199808	0.8652175	-0.0635985526522	-0.020604231527	0.750491578358	2.60347550231	-6.18149806349
19.233141	0.862988	-0.0660281602816	-0.0295367018422	0.837758040957	2.35621805237	-7.34507416956
19.266474	0.8607585	-0.0668856688567	0.00107189643782	0.907571211037	2.09441604655	-7.84201813153
19.299807	0.858529	-0.0670285869525	0.060026200518	0.977384381117	1.83261404073	-8.26623858686
19.33314	0.856128	-0.062883962173	0.115288416868	1.02974425868	1.55626747904	-9.00559423759
19.366473	0.8542415	-0.0561668116681	0.0896820019644	1.08210413624	1.25083180558	-10.1085674215
19.399806	0.852698	-0.0571672383391	0.0722934597509	1.11701072128	0.843584240973	-10.1206880059
19.433139	0.850297	-0.0545947126138	0.142085827813	1.1344640138	0.538148567517	-9.09043832866
19.466472	0.848925	-0.0480204802048	0.226051048776	1.15191730632	0.261802005819	-8.6904590422
19.499805	0.8470385	-0.0390166401664	0.294414221588	1.15191730632	-0.0145445558788	-9.00559423759
19.533138	0.846181	-0.0261540115401	0.299535504569	1.15191730632	-0.319980229335	-9.69646755057
19.566471	0.845495	-0.0181505981726	0.280955966313	1.1344640138	-0.712683238063	-8.95711189984
19.599804	0.8449805	-0.0100042667093	0.327643011161	1.09955742876	-0.974485243883	-6.73904494765
19.633137	0.8446375	0.0030012800128	0.395767984765	1.06465084372	-1.10538624679	-5.92696579029
19.66647	0.845152	0.0177218438851	0.428758575129	1.02974425868	-1.32355458497	-6.278462739
19.699803	0.845838	0.0321565715657	0.435666352172	0.977384381117	-1.55626747904	-5.85424228366
19.733136	0.84721	0.0483063163965	0.398149976849	0.925024503557	-1.75989126134	-4.26644572225
19.766469	0.849268	0.0590251735851	0.352773027648	0.855211333477	-1.83261404073	-2.81197558967
19.799802	0.8511545	0.0694581945819	0.364921187276	0.802851455917	-1.89079226425	-2.77561383635
19.833135	0.853727	0.0837500041667	0.365064106801	0.733038285838	-2.03623782304	-2.35139338101
19.866468	0.856814	0.0958980423138	0.311278725543	0.663225115758	-2.07987149067	-1.16357610607
19.899801	0.860244	0.104758964256	0.246512360778	0.593411945678	-2.09441604655	-0.424220455338
19.933134	0.8638455	0.111218862189	0.211449437301	0.523598775598	-2.09441604655	-0.0945405586181
19.966467	0.8676185	0.118193265266	0.195764019427	0.453785605519	-2.09441604655	-0.0181808766573
19.9998	0.871906	0.124052907196	0.18422326778	0.383972435439	-2.09441604655	-3.99684285708E-14
